-3.977287014734e-01 -2.127215042450e-01 8.925029084860e-01
-7.897064558037e-01 6.114077965802e-01 5.044026113055e-02
-5.819532312509e-01 -4.644629222318e-01 -6.675362390976e-01
-2.601607672525e-01 -9.529202871212e-01 1.557539777193e-01
-4.824958370885e-01 -3.156890319616e-01 8.170301110066e-01
-8.895021591002e-01 4.542244079377e-01 4.965980456735e-02
-6.504244191055e-01 -4.778127112072e-01 -5.904600647293e-01
-2.577592432292e-01 -9.550687392937e-01 1.463006348373e-01
-4.737224983259e-01 -3.032263209447e-01 8.268257330697e-01
-8.826285725407e-01 4.673337839084e-01 5.065508219909e-02
-6.463993292613e-01 -4.766332570132e-01 -5.958092357790e-01
-2.580587638004e-01 -9.548489317811e-01 1.472045919880e-01
-4.742113145432e-01 -3.042818270898e-01 8.261574903504e-01
-8.831170105055e-01 4.664233359397e-01 5.053333005851e-02
-6.466765467888e-01 -4.766956112309e-01 -5.954584268163e-01
-2.580250515631e-01 -9.548671843682e-01 1.471452784927e-01
-4.741792562857e-01 -3.042102751705e-01 8.262022400048e-01
-8.830855246764e-01 4.664818320951e-01 5.054360921302e-02
-6.466587282096e-01 -4.766926175331e-01 -5.954801739939e-01
-2.580264384549e-01 -9.548663849138e-01 1.471480343732e-01
-4.741802958712e-01 -3.042105433185e-01 8.262015446254e-01
-8.830846409449e-01 4.664830991250e-01 5.054735559745e-02
-6.466578050328e-01 -4.766976344904e-01 -5.954771603189e-01
-2.580525618152e-01 -9.548575129010e-01 1.471597954508e-01
-4.741868399919e-01 -3.042706218400e-01 8.261756650153e-01
-8.831152972110e-01 4.664335557744e-01 5.046890012167e-02
-6.466814807714e-01 -4.766015555894e-01 -5.955283533444e-01
-2.576629418971e-01 -9.549839281771e-01 1.470221251930e-01
-4.742717290249e-01 -3.035015255153e-01 8.264097960804e-01
-8.829360178538e-01 4.666151201109e-01 5.190682094320e-02
-6.464029653696e-01 -4.787072347694e-01 -5.941402105066e-01
-2.638754051405e-01 -9.531104982464e-01 1.481558257185e-01
-4.701632774516e-01 -3.108348425701e-01 8.260315933307e-01
-8.797197304038e-01 4.745320301783e-01 3.020841394761e-02
-6.463260388284e-01 -4.500649342717e-01 -6.162014333572e-01
-1.626840758929e-01 -9.788032808071e-01 1.244107267568e-01
7.435336528322e-01 -6.683018200626e-01 -2.303007613971e-02
3.615950892070e-01 1.907789738524e-01 -9.126074592053e-01
1.197055309095e-01 9.865679163383e-01 -1.111500441815e-01
6.279987313579e-01 4.721804384309e-01 6.185977909564e-01
8.377877402134e-01 -5.449038644813e-01 -3.451783338371e-02
4.438611135331e-01 2.926792347731e-01 -8.469511068685e-01
1.596087447856e-01 9.773431241649e-01 -1.390160646672e-01
6.193211012744e-01 4.685498985718e-01 6.300018778263e-01
8.322240931972e-01 -5.533989126848e-01 -3.395146743994e-02
4.401972652527e-01 2.887675784095e-01 -8.501997725968e-01
1.579828779255e-01 9.777896587213e-01 -1.377272434199e-01
6.199340614042e-01 4.684985606282e-01 6.294369374292e-01
8.325751918582e-01 -5.528720223983e-01 -3.392752203537e-02
4.404203564329e-01 2.890254002363e-01 -8.499966044978e-01
1.580652944575e-01 9.777656187931e-01 -1.378033286761e-01
6.198964839359e-01 4.685006894651e-01 6.294723609299e-01
8.325530379067e-01 -5.529054046038e-01 -3.392716658177e-02
4.404068845860e-01 2.890090797196e-01 -8.500091339797e-01
1.580610553239e-01 9.777669641801e-01 -1.377986449425e-01
6.198971342487e-01 4.685020620582e-01 6.294706989189e-01
8.325536092336e-01 -5.529044721726e-01 -3.392834218789e-02
4.404085509015e-01 2.890070065958e-01 -8.500089755005e-01
1.580586083520e-01 9.777668994727e-01 -1.378019108044e-01
6.199178177447e-01 4.684791364572e-01 6.294673922826e-01
8.325600925077e-01 -5.528957812262e-01 -3.391087533201e-02
4.403835146577e-01 2.890506017403e-01 -8.500071232944e-01
1.581037925797e-01 9.777670934709e-01 -1.377486903652e-01
6.196486137717e-01 4.688288011606e-01 6.294721206322e-01
8.324719572299e-01 -5.530080541215e-01 -3.424226193524e-02
4.409790150065e-01 2.881752458815e-01 -8.499956093916e-01
1.576840408920e-01 9.777627018607e-01 -1.382600524304e-01
6.233307858646e-01 4.653674569970e-01 6.284042181284e-01
8.363261328892e-01 -5.474575380673e-01 -2.913491822145e-02
4.349487272699e-01 3.067266158673e-01 -8.466040324526e-01
1.400466483319e-01 9.785124156357e-01 -1.513287439244e-01
5.386621805993e-01 4.279441249464e-01 7.257457413694e-01
-3.548736577529e-01 -1.607542961021e-01 9.209900886100e-01
-7.001709099250e-01 7.138960618189e-01 1.063530979226e-02
-5.522703048054e-01 -3.950218145683e-01 -7.341357343471e-01
-1.557453487880e-01 -9.774947563851e-01 1.422933152698e-01
-4.194015581072e-01 -2.256409254234e-01 8.793113816114e-01
-7.784083615011e-01 6.275634221085e-01 1.563886110123e-02
-6.078464943986e-01 -4.073033325871e-01 -6.816352650141e-01
-1.592780805491e-01 -9.775749165173e-01 1.377598477523e-01
-4.156587823551e-01 -2.168026082479e-01 8.833031222111e-01
-7.745622717826e-01 6.322580039757e-01 1.740986903002e-02
-6.057196643150e-01 -4.073254221439e-01 -6.835127568213e-01
-1.592734791820e-01 -9.775527965794e-01 1.379220385909e-01
-4.157685142962e-01 -2.172643155421e-01 8.831380184954e-01
-7.747360385833e-01 6.320479762207e-01 1.730393815125e-02
-6.058266631841e-01 -4.073009715526e-01 -6.834324931897e-01
-1.592679566459e-01 -9.775540238038e-01 1.379197177011e-01
-4.157631779567e-01 -2.172435493459e-01 8.831456392481e-01
-7.747281742021e-01 6.320574749375e-01 1.730908643011e-02
-6.058214881400e-01 -4.073024899950e-01 -6.834361756241e-01
-1.592678159795e-01 -9.775540942682e-01 1.379193806995e-01
-4.157626759944e-01 -2.172427276771e-01 8.831460776799e-01
-7.747265318037e-01 6.320594649333e-01 1.730993089662e-02
-6.058194188992e-01 -4.073046584174e-01 -6.834367175651e-01
-1.592744879282e-01 -9.775525151663e-01 1.379228682533e-01
-4.157734630820e-01 -2.172671249568e-01 8.831349975003e-01
-7.747542703121e-01 6.320259316776e-01 1.729284014480e-02
-6.058528178618e-01 -4.072660586268e-01 -6.834301138957e-01
-1.591932326255e-01 -9.775713903175e-01 1.378828905955e-01
-4.156637770642e-01 -2.169775282126e-01 8.832578200545e-01
-7.744778930555e-01 6.323545968892e-01 1.765380869413e-02
-6.053851134151e-01 -4.081230812151e-01 -6.833333118141e-01
-1.603728528864e-01 -9.773121211838e-01 1.383530478318e-01
-4.141309579922e-01 -2.167926271364e-01 8.840229105921e-01
-7.700617792606e-01 6.378897242766e-01 1.007748898552e-02
-6.061818205564e-01 -3.920743579665e-01 -6.919691454480e-01
-9.104867053115e-02 -9.882718754770e-01 1.225921683294e-01
7.480981040977e-01 -6.632939247932e-01 -1.975844067249e-02
3.414573090182e-01 2.143659431706e-01 -9.151252092073e-01
1.227786858205e-01 9.858279330417e-01 -1.143183307386e-01
6.034326396728e-01 4.901114291588e-01 6.290149731011e-01
8.360417865434e-01 -5.476395415205e-01 -3.354196947748e-02
4.176401847592e-01 3.102084524197e-01 -8.540183792645e-01
1.620640991403e-01 9.769391914837e-01 -1.390145456889e-01
5.963052584615e-01 4.884586928872e-01 6.370464222284e-01
8.320440248524e-01 -5.536718489701e-01 -3.391495784285e-02
4.154554640798e-01 3.070463443220e-01 -8.562238608009e-01
1.605200480417e-01 9.773376121196e-01 -1.380018337308e-01
5.966894577964e-01 4.883331933727e-01 6.367828383405e-01
8.322490560967e-01 -5.533690021659e-01 -3.382685424350e-02
4.155559414363e-01 3.072277884249e-01 -8.561100078591e-01
1.605932525579e-01 9.773182183474e-01 -1.380540014603e-01
5.966706979296e-01 4.883391885485e-01 6.367958190503e-01
8.322379465415e-01 -5.533854722154e-01 -3.383074751368e-02
4.155508057522e-01 3.072182026102e-01 -8.561159406433e-01
1.605897179032e-01 9.773191692880e-01 -1.380513811811e-01
5.966708502422e-01 4.883393114874e-01 6.367955820570e-01
8.322377335679e-01 -5.533857599853e-01 -3.383127948149e-02
4.155511593303e-01 3.072159422833e-01 -8.561165801375e-01
1.605892119775e-01 9.773192247279e-01 -1.380515772231e-01
5.966811573645e-01 4.883338653007e-01 6.367901007763e-01
8.322483096314e-01 -5.533705023523e-01 -3.382067772914e-02
4.155465663551e-01 3.072567232364e-01 -8.561041742782e-01
1.605978751495e-01 9.773177314098e-01 -1.380520712249e-01
5.965493926282e-01 4.883998013078e-01 6.368629807404e-01
8.320939643988e-01 -5.535921587047e-01 -3.399053150177e-02
4.156999688135e-01 3.065732951155e-01 -8.562746934544e-01
1.606930026334e-01 9.773353229150e-01 -1.378166371932e-01
5.979660818837e-01 4.889563043066e-01 6.351049499063e-01
8.361991789738e-01 -5.475266520540e-01 -3.139264840679e-02
4.144631740092e-01 3.206194047007e-01 -8.517179549121e-01
1.422725639489e-01 9.780796436938e-01 -1.520484401075e-01
5.285457832427e-01 4.368438216435e-01 7.278783074857e-01
-3.574402510004e-01 -1.613369481860e-01 9.198950245081e-01
-7.038385335743e-01 7.102719539064e-01 1.118347664617e-02
-5.545580511277e-01 -3.947313643593e-01 -7.325657089439e-01
-1.564919594511e-01 -9.773119834555e-01 1.427289515879e-01
-4.220454942915e-01 -2.261713503278e-01 8.779089480346e-01
-7.817870181300e-01 6.233239355786e-01 1.662316510460e-02
-6.100331731052e-01 -4.075007555101e-01 -6.795606389204e-01
-1.607488659441e-01 -9.773188387463e-01 1.378683775537e-01
-4.182351440373e-01 -2.173226310338e-01 8.819581840046e-01
-7.778934041009e-01 6.281294780746e-01 1.830875828547e-02
-6.078951053016e-01 -4.074318069801e-01 -6.815151235382e-01
-1.606670100602e-01 -9.773046814572e-01 1.380640122554e-01
-4.183509524608e-01 -2.177844876423e-01 8.817893158332e-01
-7.780702033586e-01 6.279133209857e-01 1.821043585773e-02
-6.080022469417e-01 -4.074149307711e-01 -6.814296309220e-01
-1.606673178151e-01 -9.773053227907e-01 1.380591142632e-01
-4.183452788770e-01 -2.177635605920e-01 8.817971758401e-01
-7.780621167857e-01 6.279232041114e-01 1.821516295348e-02
-6.079969970182e-01 -4.074160626770e-01 -6.814336383608e-01
-1.606669548233e-01 -9.773053964195e-01 1.380590154867e-01
-4.183452136899e-01 -2.177636504937e-01 8.817971845648e-01
-7.780616003293e-01 6.279238298679e-01 1.821565197790e-02
-6.079960820896e-01 -4.074173861056e-01 -6.814336634351e-01
-1.606725667573e-01 -9.773040556270e-01 1.380619757451e-01
-4.183494419490e-01 -2.177748028250e-01 8.817924243695e-01
-7.780722839650e-01 6.279109071522e-01 1.820476873601e-02
-6.080119076412e-01 -4.073940185046e-01 -6.814335138905e-01
-1.606034745904e-01 -9.773200629084e-01 1.380290497913e-01
-4.183348593132e-01 -2.176752719854e-01 8.818239174855e-01
-7.780383056476e-01 6.279461784843e-01 1.843886851264e-02
-6.078251802740e-01 -4.079085245146e-01 -6.812922910566e-01
-1.618103402716e-01 -9.770465294176e-01 1.385550184377e-01
-4.162654434165e-01 -2.169978295274e-01 8.829694346905e-01
-7.727537133659e-01 6.345975954209e-01 1.172989195219e-02
-6.072441565354e-01 -3.940583146933e-01 -6.899076597449e-01
-9.394594571725e-02 -9.880210809293e-01 1.224275415197e-01
7.484035053866e-01 -6.629494029715e-01 -1.975556186872e-02
3.415858178775e-01 2.154126702718e-01 -9.148314109776e-01
1.229828397407e-01 9.857929255123e-01 -1.144007392422e-01
6.035907491212e-01 4.907419567043e-01 6.283713388637e-01
8.363523669003e-01 -5.471595661564e-01 -3.363223964913e-02
4.178894655491e-01 3.109775021437e-01 -8.536166515149e-01
1.622633329425e-01 9.769035426801e-01 -1.390326547305e-01
5.963927742476e-01 4.891259822173e-01 6.364522231442e-01
8.323321693419e-01 -5.532332684248e-01 -3.400162623594e-02
4.156634136777e-01 3.078372066570e-01 -8.558388754476e-01
1.607189771461e-01 9.773020806194e-01 -1.380219315982e-01
5.967817752320e-01 4.890025226180e-01 6.361823996498e-01
8.325398338090e-01 -5.529259740067e-01 -3.391596069671e-02
4.157678165241e-01 3.080165931538e-01 -8.557236125553e-01
1.607921413200e-01 9.772827179614e-01 -1.380738080290e-01
5.967626195336e-01 4.890084376123e-01 6.361958219537e-01
8.325285001639e-01 -5.529428075160e-01 -3.391972923368e-02
4.157624306760e-01 3.080070182409e-01 -8.557296757462e-01
1.607885800385e-01 9.772836708755e-01 -1.380712105011e-01
5.967631653948e-01 4.890083511477e-01 6.361953763867e-01
8.325286410758e-01 -5.529425836078e-01 -3.391992071911e-02
4.157627020252e-01 3.080060151635e-01 -8.557299049512e-01
1.607884563567e-01 9.772836834738e-01 -1.380712653608e-01
5.967681131768e-01 4.890060614881e-01 6.361924951800e-01
8.325344123275e-01 -5.529342130205e-01 -3.391472190474e-02
4.157608298980e-01 3.080274286997e-01 -8.557231067881e-01
1.607904553209e-01 9.772829335319e-01 -1.380742456251e-01
5.967075258730e-01 4.890209939883e-01 6.362378454676e-01
8.324345542812e-01 -5.530795849181e-01 -3.399537594387e-02
4.158181860754e-01 3.076538601258e-01 -8.558296200054e-01
1.609016217134e-01 9.772865220242e-01 -1.379192589883e-01
5.979078388265e-01 4.895822080163e-01 6.346774597098e-01
8.362507726996e-01 -5.474258935406e-01 -3.177320003626e-02
4.151616666174e-01 3.200614576481e-01 -8.515876078829e-01
1.423268975310e-01 9.781102323283e-01 -1.518006180946e-01
5.286371966063e-01 4.375243500150e-01 7.274030227516e-01
-3.574505016897e-01 -1.612802463722e-01 9.199009843303e-01
-7.038444633991e-01 7.102655143022e-01 1.121920386671e-02
-5.545421796841e-01 -3.947695782183e-01 -7.325571316045e-01
-1.566294909011e-01 -9.772883426272e-01 1.427399661795e-01
-4.220568380724e-01 -2.261872902661e-01 8.778993878335e-01
-7.818107717593e-01 6.232940343137e-01 1.662720512210e-02
-6.100413510049e-01 -4.075091471054e-01 -6.795482654599e-01
-1.608692015375e-01 -9.772973433030e-01 1.378803929845e-01
-4.182448160011e-01 -2.173337261366e-01 8.819508633545e-01
-7.779160568463e-01 6.281012304565e-01 1.831537058899e-02
-6.079021616630e-01 -4.074416089445e-01 -6.815029692863e-01
-1.607889898169e-01 -9.772829078684e-01 1.380761338610e-01
-4.183604440742e-01 -2.177964751646e-01 8.817818518431e-01
-7.780929113047e-01 6.278850031212e-01 1.821659224263e-02
-6.080093919369e-01 -4.074244682114e-01 -6.814175533542e-01
-1.607891365460e-01 -9.772835734744e-01 1.380712518447e-01
-4.183547740278e-01 -2.177754585197e-01 8.817897327111e-01
-7.780847888125e-01 6.278949297741e-01 1.822137707936e-02
-6.080040907269e-01 -4.074256691940e-01 -6.814215653625e-01
-1.607889776906e-01 -9.772835981127e-01 1.380712624449e-01
-4.183548923740e-01 -2.177760043698e-01 8.817895417544e-01
-7.780847431830e-01 6.278949822259e-01 1.822151808775e-02
-6.080037614113e-01 -4.074263151519e-01 -6.814214729751e-01
-1.607919341736e-01 -9.772828936697e-01 1.380728055965e-01
-4.183571230185e-01 -2.177813321026e-01 8.817871676359e-01
-7.780899090087e-01 6.278887308365e-01 1.821634396101e-02
-6.080106824713e-01 -4.074174718543e-01 -6.814205849757e-01
-1.607429754529e-01 -9.772952258611e-01 1.380425200857e-01
-4.183597051159e-01 -2.176797045836e-01 8.818110360773e-01
-7.780735043508e-01 6.279024595951e-01 1.844242559296e-02
-6.078553475809e-01 -4.078749799996e-01 -6.812854593397e-01
-1.618444922714e-01 -9.770380778890e-01 1.385747259653e-01
-4.161939204938e-01 -2.170937330463e-01 8.829795759903e-01
-7.727192326988e-01 6.346412876211e-01 1.163715875630e-02
-6.072417476019e-01 -3.939818461197e-01 -6.899534512542e-01
-9.400453280343e-02 -9.880149711015e-01 1.224318777597e-01
7.483940029747e-01 -6.629596140083e-01 -1.977287297031e-02
3.415872489453e-01 2.153787192326e-01 -9.148388703262e-01
1.229781496754e-01 9.857945589748e-01 -1.143917051110e-01
6.035873174480e-01 4.907427731311e-01 6.283739975807e-01
8.363489717365e-01 -5.471647855034e-01 -3.363175553419e-02
4.178847728792e-01 3.109763913860e-01 -8.536193534570e-01
1.622619699342e-01 9.769037650827e-01 -1.390326827777e-01
5.963886910309e-01 4.891251091551e-01 6.364567202917e-01
8.323280733913e-01 -5.532394995818e-01 -3.400050510173e-02
4.156586954343e-01 3.078349416041e-01 -8.558419816984e-01
1.607174460215e-01 9.773023572639e-01 -1.380217556431e-01
5.967779340823e-01 4.890012870009e-01 6.361869526357e-01
8.325357563440e-01 -5.529321910093e-01 -3.391469525738e-02
4.157630209631e-01 3.080144855680e-01 -8.557267011610e-01
1.607906213366e-01 9.772829891310e-01 -1.380736587673e-01
5.967587420750e-01 4.890072471899e-01 6.362003740590e-01
8.325244030439e-01 -5.529490519390e-01 -3.391849489645e-02
4.157576451864e-01 3.080048324584e-01 -8.557327875285e-01
1.607870558764e-01 9.772839432498e-01 -1.380710575347e-01
5.967594800106e-01 4.890070655766e-01 6.361998214662e-01
8.325247435740e-01 -5.529485381882e-01 -3.391851194617e-02
4.157578983798e-01 3.080045338922e-01 -8.557327719777e-01
1.607871631884e-01 9.772839267869e-01 -1.380710490935e-01
5.967621333998e-01 4.890064345045e-01 6.361978176270e-01
8.325283550563e-01 -5.529432264082e-01 -3.391646202893e-02
4.157591373951e-01 3.080144695568e-01 -8.557285937820e-01
1.607894924566e-01 9.772837636527e-01 -1.380694912586e-01
5.967018095559e-01 4.890300427152e-01 6.362362515565e-01
8.324375696370e-01 -5.530753845741e-01 -3.398987547896e-02
4.158057853754e-01 3.076845402983e-01 -8.558246155082e-01
1.608933644075e-01 9.772848640359e-01 -1.379406387396e-01
5.979385117147e-01 4.895101454109e-01 6.347041466291e-01
8.362450596866e-01 -5.474365503309e-01 -3.173993559493e-02
4.151263974178e-01 3.200942485458e-01 -8.515924766077e-01
1.423319628474e-01 9.781094276459e-01 -1.518010536927e-01
5.286107583644e-01 4.375548236477e-01 7.274039059862e-01
-3.574486165454e-01 -1.612839438262e-01 9.199010685903e-01
-7.038432512726e-01 7.102667603382e-01 1.121636290109e-02
-5.545425416993e-01 -3.947666400088e-01 -7.325584409327e-01
-1.566273404239e-01 -9.772886762726e-01 1.427400415476e-01
-4.220568394943e-01 -2.261868773424e-01 8.778994935380e-01
-7.818105822707e-01 6.232942750506e-01 1.662709050446e-02
-6.100415142132e-01 -4.075085258492e-01 -6.795484914976e-01
-1.608672551736e-01 -9.772976950994e-01 1.378801703156e-01
-4.182449538998e-01 -2.173329280430e-01 8.819509946282e-01
-7.779157716465e-01 6.281015836140e-01 1.831537292232e-02
-6.079022236806e-01 -4.074411311671e-01 -6.815031996091e-01
-1.607870495880e-01 -9.772832619998e-01 1.380758867425e-01
-4.183605328426e-01 -2.177957152960e-01 8.817819974112e-01
-7.780926103926e-01 6.278853784888e-01 1.821650713868e-02
-6.080095381497e-01 -4.074237548577e-01 -6.814178494115e-01
-1.607871726305e-01 -9.772839189080e-01 1.380710938657e-01
-4.183548225416e-01 -2.177748618634e-01 8.817898570502e-01
-7.780845131242e-01 6.278952744180e-01 1.822127327553e-02
-6.080042374023e-01 -4.074250026095e-01 -6.814218330443e-01
-1.607871178903e-01 -9.772839227431e-01 1.380711304669e-01
-4.183550149276e-01 -2.177755254177e-01 8.817896018972e-01
-7.780846165321e-01 6.278951481010e-01 1.822121037159e-02
-6.080041863578e-01 -4.074251108555e-01 -6.814218138685e-01
-1.607893584082e-01 -9.772833395952e-01 1.380726488930e-01
-4.183568020927e-01 -2.177815712554e-01 8.817872608312e-01
-7.780897422799e-01 6.278889535029e-01 1.821579061613e-02
-6.080108219467e-01 -4.074171647318e-01 -6.814206441528e-01
-1.607430444919e-01 -9.772952847388e-01 1.380420228582e-01
-4.183605943032e-01 -2.176734977951e-01 8.818121463735e-01
-7.780708794554e-01 6.279055576661e-01 1.844768808023e-02
-6.078510640198e-01 -4.078822478771e-01 -6.812849299938e-01
-1.618413162647e-01 -9.770388496197e-01 1.385729940627e-01
-4.161981369667e-01 -2.170895654012e-01 8.829786132061e-01
-7.727226076246e-01 6.346371435254e-01 1.163906026039e-02
-6.072450410364e-01 -3.939802210833e-01 -6.899514805636e-01
-9.400304142703e-02 -9.880150351778e-01 1.224325057535e-01
7.483941429217e-01 -6.629594991686e-01 -1.977142642029e-02
3.415863034059e-01 2.153806943359e-01 -9.148387583792e-01
1.229783054136e-01 9.857944894657e-01 -1.143921366908e-01
6.035873199589e-01 4.907428709284e-01 6.283739187918e-01
8.363490728723e-01 -5.471646327854e-01 -3.363172511860e-02
4.178847131682e-01 3.109767221117e-01 -8.536192622036e-01
1.622619246238e-01 9.769037757177e-01 -1.390326609319e-01
5.963884993684e-01 4.891256037415e-01 6.364565197919e-01
8.323281813663e-01 -5.532393278283e-01 -3.400065657500e-02
4.156587362440e-01 3.078350682757e-01 -8.558419163162e-01
1.607175756748e-01 9.773023377056e-01 -1.380217431581e-01
5.967777420988e-01 4.890016573206e-01 6.361868480825e-01
8.325357674152e-01 -5.529321741488e-01 -3.391469836934e-02
4.157628384064e-01 3.080148901726e-01 -8.557266442224e-01
1.607906689409e-01 9.772829784402e-01 -1.380736790001e-01
5.967587082347e-01 4.890074515698e-01 6.362002487073e-01
8.325245350006e-01 -5.529488544950e-01 -3.391847482683e-02
4.157575422947e-01 3.080052506498e-01 -8.557326869982e-01
1.607870937135e-01 9.772839337509e-01 -1.380710807067e-01
5.967594515317e-01 4.890073024770e-01 6.361996660890e-01
8.325249104754e-01 -5.529482925898e-01 -3.391841918467e-02
4.157576746319e-01 3.080052898247e-01 -8.557326086019e-01
1.607871835207e-01 9.772838935955e-01 -1.380712603488e-01
5.967623447585e-01 4.890061570600e-01 6.361978326242e-01
8.325283864340e-01 -5.529431868294e-01 -3.391633707401e-02
4.157590386990e-01 3.080146580100e-01 -8.557285739013e-01
1.607898942485e-01 9.772837751036e-01 -1.380689422966e-01
5.966996048823e-01 4.890332213131e-01 6.362358760597e-01
8.324369706191e-01 -5.530761436700e-01 -3.399219395265e-02
4.158082368986e-01 3.076791040449e-01 -8.558253788369e-01
1.608934458748e-01 9.772851207123e-01 -1.379387251967e-01
5.979373300826e-01 4.895137745277e-01 6.347024608754e-01
8.362458870229e-01 -5.474352429511e-01 -3.174068701920e-02
4.151264254299e-01 3.200965061123e-01 -8.515916143813e-01
1.423317475959e-01 9.781092951073e-01 -1.518021095078e-01
5.286122248231e-01 4.375520619406e-01 7.274045015390e-01
-3.574489406869e-01 -1.612831346140e-01 9.199010845144e-01
-7.038431154287e-01 7.102668904484e-01 1.121664817542e-02
-5.545423979429e-01 -3.947667515744e-01 -7.325584896342e-01
-1.566273577056e-01 -9.772886854912e-01 1.427399594686e-01
-4.220564704701e-01 -2.261864875068e-01 8.778997713883e-01
-7.818101537122e-01 6.232948290391e-01 1.662647423881e-02
-6.100420435840e-01 -4.075065196731e-01 -6.795492193240e-01
-1.608671877108e-01 -9.772975712256e-01 1.378811270427e-01
-4.182444666824e-01 -2.173351297004e-01 8.819506831380e-01
-7.779161547507e-01 6.281011300130e-01 1.831465681378e-02
-6.079028289105e-01 -4.074405342963e-01 -6.815030165854e-01
-1.607869350800e-01 -9.772833061891e-01 1.380757073191e-01
-4.183611072009e-01 -2.177944357108e-01 8.817820409574e-01
-7.780924840189e-01 6.278855169582e-01 1.821713224853e-02
-6.080091727605e-01 -4.074246453295e-01 -6.814176430187e-01
-1.607872814563e-01 -9.772839495879e-01 1.380707499791e-01
-4.183551000085e-01 -2.177741648109e-01 8.817898975594e-01
-7.780843626232e-01 6.278954573599e-01 1.822139588742e-02
-6.080042879838e-01 -4.074248924982e-01 -6.814218537486e-01
-1.607871537421e-01 -9.772839170849e-01 1.380711287662e-01
-4.183551739468e-01 -2.177753287335e-01 8.817895750274e-01
-7.780845601082e-01 6.278952173675e-01 1.822123289368e-02
-6.080043060788e-01 -4.074249709336e-01 -6.814217907063e-01
-1.607893724229e-01 -9.772833339745e-01 1.380726723562e-01
-4.183569845643e-01 -2.177815980080e-01 8.817871676518e-01
-7.780898579825e-01 6.278888166529e-01 1.821556551453e-02
-6.080112350924e-01 -4.074165281693e-01 -6.814206561118e-01
-1.607428950273e-01 -9.772952938375e-01 1.380421324858e-01
-4.183604061838e-01 -2.176739722241e-01 8.818121185116e-01
-7.780707836809e-01 6.279056914786e-01 1.844717298299e-02
-6.078513148178e-01 -4.078816627067e-01 -6.812850565673e-01
-1.618415686315e-01 -9.770388023416e-01 1.385730326644e-01
-4.161983260100e-01 -2.170891591022e-01 8.829786239920e-01
-7.727224476663e-01 6.346373326524e-01 1.163936753051e-02
-6.072448906400e-01 -3.939806317361e-01 -6.899513784380e-01
-9.400301493627e-02 -9.880150684901e-01 1.224322572668e-01
7.483952209392e-01 -6.629582738460e-01 -1.977170742524e-02
3.415861689017e-01 2.153806592679e-01 -9.148388168570e-01
1.229814127962e-01 9.857940592282e-01 -1.143925036748e-01
6.035863469180e-01 4.907428341228e-01 6.283748821932e-01
8.363484794988e-01 -5.471655918718e-01 -3.363087735529e-02
4.178827712826e-01 3.109788719316e-01 -8.536194296508e-01
1.622648013799e-01 9.769032047591e-01 -1.390333153042e-01
5.963906945306e-01 4.891235536947e-01 6.364560383078e-01
8.323303586936e-01 -5.532360761364e-01 -3.400026555951e-02
4.156592366134e-01 3.078368995408e-01 -8.558410146161e-01
1.607184404210e-01 9.773021874942e-01 -1.380217998281e-01
5.967769396841e-01 4.890036089108e-01 6.361861007076e-01
8.325362728698e-01 -5.529313494420e-01 -3.391573617559e-02
4.157636795702e-01 3.080139236988e-01 -8.557265834120e-01
1.607930535533e-01 9.772825835680e-01 -1.380736969289e-01
5.967584152364e-01 4.890084968639e-01 6.361997200875e-01
8.325251468054e-01 -5.529479052719e-01 -3.391893265105e-02
4.157576652592e-01 3.080056742694e-01 -8.557324747818e-01
1.607888496552e-01 9.772836268377e-01 -1.380712082281e-01
5.967595796141e-01 4.890078206050e-01 6.361991476935e-01
8.325257668213e-01 -5.529469873313e-01 -3.391867892098e-02
4.157579098325e-01 3.080058962970e-01 -8.557322760408e-01
1.607890413059e-01 9.772835603542e-01 -1.380714556214e-01
5.967625296554e-01 4.890066019728e-01 6.361973172108e-01
8.325292707290e-01 -5.529418461591e-01 -3.391648781393e-02
4.157591196275e-01 3.080156222930e-01 -8.557281874930e-01
1.607917259853e-01 9.772834252143e-01 -1.380692857083e-01
5.966999487295e-01 4.890333107163e-01 6.362354848608e-01
8.324378094137e-01 -5.530748772419e-01 -3.399225827056e-02
4.158082926335e-01 3.076799464949e-01 -8.558250488868e-01
1.608953388872e-01 9.772847813919e-01 -1.379389212087e-01
5.979373344353e-01 4.895144950253e-01 6.347019010910e-01
8.362467043122e-01 -5.474339668074e-01 -3.174116432204e-02
4.151269229719e-01 3.200966545963e-01 -8.515913160314e-01
1.423334185278e-01 9.781090356254e-01 -1.518022147342e-01
5.286120589300e-01 4.375530456285e-01 7.274040303813e-01
-3.574580802685e-01 -1.613004045907e-01 9.198945050002e-01
-7.038548573316e-01 7.102552688188e-01 1.121574455283e-02
-5.545553876688e-01 -3.947707808571e-01 -7.325464849339e-01
-1.566287855951e-01 -9.772889730591e-01 1.427364237330e-01
-4.220715383949e-01 -2.261778214266e-01 8.778947599637e-01
-7.818172647376e-01 6.232854660195e-01 1.664308886497e-02
-6.100325761810e-01 -4.075451411225e-01 -6.795345568442e-01
-1.608729703534e-01 -9.772979069344e-01 1.378720004619e-01
-4.182423248949e-01 -2.173325591459e-01 8.819523322729e-01
-7.779164088084e-01 6.281009292424e-01 1.831075070805e-02
-6.079074756001e-01 -4.074262795629e-01 -6.815073938198e-01
-1.607876968704e-01 -9.772821095782e-01 1.380832894792e-01
-4.183581634482e-01 -2.178129944716e-01 8.817788535203e-01
-7.780999716935e-01 6.278763044142e-01 1.821484026294e-02
-6.080113471523e-01 -4.074273098602e-01 -6.814141097117e-01
-1.607891907179e-01 -9.772836105941e-01 1.380709260216e-01
-4.183552689158e-01 -2.177778314340e-01 8.817889118754e-01
-7.780887586479e-01 6.278899640738e-01 1.822297125038e-02
-6.080037205924e-01 -4.074293665959e-01 -6.814196849086e-01
-1.607893519742e-01 -9.772835255787e-01 1.380713399809e-01
-4.183552949687e-01 -2.177801494504e-01 8.817883270247e-01
-7.780892663487e-01 6.278893486960e-01 1.822249673017e-02
-6.080040052864e-01 -4.074292996746e-01 -6.814194709005e-01
-1.607915607760e-01 -9.772829443289e-01 1.380728818671e-01
-4.183571246389e-01 -2.177862851578e-01 8.817859435606e-01
-7.780945367731e-01 6.278829799035e-01 1.821689851232e-02
-6.080108925808e-01 -4.074209230250e-01 -6.814183340538e-01
-1.607450828030e-01 -9.772949012348e-01 1.380423644213e-01
-4.183604484120e-01 -2.176788371914e-01 8.818108975531e-01
-7.780754584718e-01 6.278998674973e-01 1.844823354138e-02
-6.078513343511e-01 -4.078853340446e-01 -6.812828411159e-01
-1.618437065041e-01 -9.770383812521e-01 1.385735047740e-01
-4.161975784206e-01 -2.170944964696e-01 8.829776641113e-01
-7.727265569538e-01 6.346323290859e-01 1.163937529592e-02
-6.072444735637e-01 -3.939823798926e-01 -6.899507472715e-01
-9.400600201117e-02 -9.880142297828e-01 1.224367319585e-01
7.483785402186e-01 -6.629773013972e-01 -1.976507961980e-02
3.416132063135e-01 2.154016818845e-01 -9.148237713973e-01
1.228799474996e-01 9.858076331980e-01 -1.143845655279e-01
6.035947341748e-01 4.907662594289e-01 6.283485302621e-01
8.363488831366e-01 -5.471635939227e-01 -3.365333804900e-02
4.179238925027e-01 3.109355960402e-01 -8.536150626544e-01
1.621789486379e-01 9.769192590319e-01 -1.390206817396e-01
5.963801177917e-01 4.891134951597e-01 6.364736789180e-01
8.322792255223e-01 -5.533141805162e-01 -3.398100062985e-02
4.156339106685e-01 3.078433222017e-01 -8.558510041346e-01
1.605770128945e-01 9.773270364160e-01 -1.380104590970e-01
5.967851034290e-01 4.889789539483e-01 6.361973930479e-01
8.325029843428e-01 -5.529825359453e-01 -3.389831854030e-02
4.157607537117e-01 3.080066087792e-01 -8.557306378887e-01
1.606695774482e-01 9.773044770840e-01 -1.380624712010e-01
5.967540322878e-01 4.889986184765e-01 6.362114240379e-01
8.324842916751e-01 -5.530101420186e-01 -3.390703376398e-02
4.157518141835e-01 3.079919360120e-01 -8.557402622027e-01
1.606623624646e-01 9.773062259438e-01 -1.380584876739e-01
5.967563536632e-01 4.889969160757e-01 6.362105551082e-01
8.324856363528e-01 -5.530081595720e-01 -3.390635210347e-02
4.157523403902e-01 3.079927873233e-01 -8.557397001524e-01
1.606628189410e-01 9.773060963946e-01 -1.380588735282e-01
5.967592039920e-01 4.889957997785e-01 6.362087395264e-01
8.324890959131e-01 -5.530030820243e-01 -3.390422477128e-02
4.157535679176e-01 3.080024131522e-01 -8.557356392346e-01
1.606653728050e-01 9.773059811183e-01 -1.380567175177e-01
5.966966759740e-01 4.890222515069e-01 6.362470545415e-01
8.323975680799e-01 -5.531362242300e-01 -3.397949527746e-02
4.158022643478e-01 3.076678487915e-01 -8.558323269094e-01
1.607697888322e-01 9.773071237975e-01 -1.379270124864e-01
5.979338707173e-01 4.895022681759e-01 6.347145938921e-01
8.362061798590e-01 -5.474966038361e-01 -3.172843446444e-02
4.151200269093e-01 3.200810600934e-01 -8.516005391193e-01
1.422062244189e-01 9.781304663092e-01 -1.517833344420e-01
5.286337767414e-01 4.375512347689e-01 7.273893366281e-01
-3.569441624356e-01 -1.604402023770e-01 9.202444275106e-01
-7.034200647993e-01 7.106868330742e-01 1.115516618350e-02
-5.541827136251e-01 -3.941384325633e-01 -7.331687499448e-01
-1.565347285486e-01 -9.772811805747e-01 1.428928719454e-01
-4.216189392948e-01 -2.261317580935e-01 8.781240789373e-01
-7.816075334484e-01 6.235541035556e-01 1.642996030929e-02
-6.099213530942e-01 -4.070191193336e-01 -6.799495419049e-01
-1.607153004310e-01 -9.773425490773e-01 1.377393697186e-01
-4.180689433114e-01 -2.162189530283e-01 8.823081791471e-01
-7.774665153441e-01 6.286579517537e-01 1.830292915356e-02
-6.076899773395e-01 -4.068155223539e-01 -6.820659954968e-01
-1.606434072579e-01 -9.773085747582e-01 1.380639178378e-01
-4.181067129846e-01 -2.170631681904e-01 8.820829652433e-01
-7.777242110983e-01 6.283449178491e-01 1.810291923420e-02
-6.078700319487e-01 -4.067491481905e-01 -6.819451258752e-01
-1.606347741234e-01 -9.773111031950e-01 1.380560643871e-01
-4.181048906465e-01 -2.170007675204e-01 8.820991822426e-01
-7.777054994463e-01 6.283676091290e-01 1.811915915331e-02
-6.078553538967e-01 -4.067566525916e-01 -6.819537332632e-01
-1.606356607558e-01 -9.773109672457e-01 1.380559951429e-01
-4.181050662510e-01 -2.170048925884e-01 8.820980842106e-01
-7.777065975349e-01 6.283662784524e-01 1.811817470048e-02
-6.078561401036e-01 -4.067562758226e-01 -6.819532572085e-01
-1.606378374020e-01 -9.773103846712e-01 1.380575865666e-01
-4.181067101220e-01 -2.170110387486e-01 8.820957929909e-01
-7.777116945295e-01 6.283601370348e-01 1.811238189076e-02
-6.078629412073e-01 -4.067475481115e-01 -6.819524006939e-01
-1.605911151547e-01 -9.773224581312e-01 1.380264705255e-01
-4.181130503745e-01 -2.169003061556e-01 8.821200226138e-01
-7.776944497753e-01 6.283746147963e-01 1.834901273347e-02
-6.077017454307e-01 -4.072224154087e-01 -6.818126524121e-01
-1.616912848331e-01 -9.770655517621e-01 1.385598642061e-01
-4.159264918440e-01 -2.163373990272e-01 8.832911655646e-01
-7.723360399045e-01 6.351096061363e-01 1.152517496818e-02
-6.070419662809e-01 -3.933305105026e-01 -6.905006594360e-01
-9.385765051553e-02 -9.880363933635e-01 1.223716749452e-01
7.462711544085e-01 -6.653564683041e-01 -1.949703012704e-02
3.394149152512e-01 2.147806306154e-01 -9.157875277691e-01
1.238712007625e-01 9.856559659178e-01 -1.146221726903e-01
6.026525330203e-01 4.901639552288e-01 6.297215427779e-01
8.354333377058e-01 -5.486074372899e-01 -3.287883817695e-02
4.164272499376e-01 3.110143321336e-01 -8.543175233582e-01
1.660077043736e-01 9.762290560962e-01 -1.393494604303e-01
5.945348268520e-01 4.898175014263e-01 6.376575530460e-01
8.309700627497e-01 -5.552899916419e-01 -3.379023521884e-02
4.138004748011e-01 3.077615946512e-01 -8.567683280281e-01
1.638801255792e-01 9.767360988293e-01 -1.383108733392e-01
5.952719374400e-01 4.892910270331e-01 6.373739964584e-01
8.313708090855e-01 -5.547053391425e-01 -3.353452739166e-02
4.139804470929e-01 3.081155803676e-01 -8.565541305484e-01
1.640631074477e-01 9.766923396609e-01 -1.384029277956e-01
5.952119173100e-01 4.893375380015e-01 6.373943421421e-01
8.313374778141e-01 -5.547539010610e-01 -3.355752135163e-02
4.139670195052e-01 3.080840902291e-01 -8.565719468379e-01
1.640479595067e-01 9.766960129245e-01 -1.383949613210e-01
5.952162467280e-01 4.893343159553e-01 6.373927728328e-01
8.313397412806e-01 -5.547506078698e-01 -3.355588824065e-02
4.139678926121e-01 3.080860368644e-01 -8.565708247281e-01
1.640486754561e-01 9.766957828075e-01 -1.383957366651e-01
5.952190129540e-01 4.893329626689e-01 6.373912285745e-01
8.313431566350e-01 -5.547456505387e-01 -3.355322822773e-02
4.139683968986e-01 3.080961124901e-01 -8.565669570078e-01
1.640565501540e-01 9.766949449636e-01 -1.383923149389e-01
5.951554240121e-01 4.893656336785e-01 6.374255233699e-01
8.312527860480e-01 -5.548759145453e-01 -3.363815014234e-02
4.140292092706e-01 3.077500133554e-01 -8.566619771826e-01
1.640996941717e-01 9.767049764216e-01 -1.382703128156e-01
5.963828846902e-01 4.897838946544e-01 6.359553375716e-01
8.349835592331e-01 -5.493810605565e-01 -3.135133350043e-02
4.132171719339e-01 3.201442745720e-01 -8.525017374045e-01
1.457670955869e-01 9.775517907593e-01 -1.521330017697e-01
5.266664012408e-01 4.374118600383e-01 7.288987354234e-01
-3.804611129398e-01 -1.606959942546e-01 9.107283563012e-01
-7.082074558703e-01 7.058731369902e-01 1.361300574449e-02
-5.693785036792e-01 -3.977410334880e-01 -7.194513116451e-01
-1.576256522622e-01 -9.768842442031e-01 1.443998863458e-01
-4.436111246650e-01 -2.394784465669e-01 8.636314281587e-01
-7.925979089227e-01 6.094839121177e-01 1.783018903679e-02
-6.326424378448e-01 -4.089593258930e-01 -6.576593461686e-01
-1.621520033523e-01 -9.770544302701e-01 1.380991241771e-01
-4.421583427447e-01 -2.237650751620e-01 8.685765315037e-01
-7.870861115976e-01 6.164826642664e-01 2.108500863441e-02
-6.273902481155e-01 -4.106866222058e-01 -6.616025807921e-01
-1.621934207754e-01 -9.770318425630e-01 1.382102488063e-01
-4.422450259362e-01 -2.250481256564e-01 8.682008282496e-01
-7.875270084393e-01 6.159293457287e-01 2.079067215797e-02
-6.278265602186e-01 -4.105190561241e-01 -6.612926090945e-01
-1.621851931122e-01 -9.770332468022e-01 1.382099771299e-01
-4.422284910628e-01 -2.249574413672e-01 8.682327517814e-01
-7.874920694427e-01 6.159733412949e-01 2.081065541428e-02
-6.277931066784e-01 -4.105291263147e-01 -6.613181168351e-01
-1.621851700972e-01 -9.770332084303e-01 1.382102753955e-01
-4.422296791753e-01 -2.249632085682e-01 8.682306523310e-01
-7.874937410009e-01 6.159712567987e-01 2.080910094543e-02
-6.277940678181e-01 -4.105281589071e-01 -6.613178049597e-01
-1.621882360378e-01 -9.770322830929e-01 1.382132189233e-01
-4.422404404054e-01 -2.249747920756e-01 8.682221696090e-01
-7.875095686040e-01 6.159510232099e-01 2.080904523825e-02
-6.278180940687e-01 -4.105264370313e-01 -6.612960647534e-01
-1.621353542316e-01 -9.770470177918e-01 1.381710965878e-01
-4.421197644427e-01 -2.248254127150e-01 8.683223178559e-01
-7.873733149883e-01 6.161199810256e-01 2.096262925484e-02
-6.274504667387e-01 -4.109284523582e-01 -6.613952818337e-01
-1.632014955984e-01 -9.767992248737e-01 1.386670332867e-01
-4.414829713520e-01 -2.239684779238e-01 8.688676003297e-01
-7.830212975433e-01 6.217929033839e-01 1.585032791686e-02
-6.272600292907e-01 -4.005625554325e-01 -6.679030579655e-01
-9.414598133580e-02 -9.883180430588e-01 1.198498225394e-01
8.108240495880e-01 -5.836506267058e-01 -4.377563883865e-02
4.017401892883e-01 2.586625639609e-01 -8.784637148544e-01
1.734701414354e-01 9.779596777933e-01 -1.162023177082e-01
6.623981850823e-01 5.203719059181e-01 5.389264550296e-01
9.152689568069e-01 -3.992114290457e-01 -5.397195220629e-02
4.961775352924e-01 3.768020884239e-01 -7.821943745838e-01
2.371102291027e-01 9.601942657759e-01 -1.476675699873e-01
6.512094720430e-01 5.287189675697e-01 5.444102100930e-01
9.046434057221e-01 -4.220091507989e-01 -5.940189496599e-02
4.897284809445e-01 3.649638256370e-01 -7.918127436005e-01
2.317172395750e-01 9.619744520481e-01 -1.446107689302e-01
6.522762218017e-01 5.278359042422e-01 5.439898791935e-01
9.055764147829e-01 -4.200818625384e-01 -5.884374015269e-02
4.902651444107e-01 3.659757459678e-01 -7.910131740618e-01
2.320998822112e-01 9.618437982256e-01 -1.448659811430e-01
6.521933793180e-01 5.278821899052e-01 5.440442900672e-01
9.054999128710e-01 -4.202423577152e-01 -5.887502503312e-02
4.902196038958e-01 3.658991279348e-01 -7.910768408523e-01
2.320744198022e-01 9.618528455319e-01 -1.448467024675e-01
6.521985834565e-01 5.278798527650e-01 5.440403190777e-01
9.055040195133e-01 -4.202337104501e-01 -5.887358700398e-02
4.902211435477e-01 3.659014588708e-01 -7.910748086085e-01
2.320761315800e-01 9.618528030877e-01 -1.448442416639e-01
6.522130033546e-01 5.278865708895e-01 5.440165131039e-01
9.055307678103e-01 -4.201759423447e-01 -5.887449382848e-02
4.902498331663e-01 3.659498391270e-01 -7.910346492559e-01
2.320650916728e-01 9.618464205028e-01 -1.449043014985e-01
6.519955732835e-01 5.277717085650e-01 5.443884606208e-01
9.051146096492e-01 -4.210739764069e-01 -5.885787791396e-02
4.899305646965e-01 3.651326141997e-01 -7.916098886597e-01
2.325234969357e-01 9.618974389578e-01 -1.438267718448e-01
6.547813388721e-01 5.305838645327e-01 5.382770299412e-01
9.118555901305e-01 -4.060933506438e-01 -6.006307776571e-02
4.948663432157e-01 3.768267141989e-01 -7.830127264728e-01
2.140465348455e-01 9.635342668488e-01 -1.605795675943e-01
5.783276299694e-01 4.834942274882e-01 6.570924473768e-01
