-3.973064172990e-01 -2.122173290082e-01 8.928109632177e-01
-7.898932784971e-01 6.109610828874e-01 5.286930850867e-02
-5.807083518318e-01 -4.687409862064e-01 -6.656272965880e-01
-2.666881603787e-01 -9.509329323024e-01 1.568565694405e-01
-4.900297565956e-01 -3.236841749614e-01 8.093821053930e-01
-8.982600459250e-01 4.361632772369e-01 5.376323543882e-02
-6.557659872885e-01 -4.853424505744e-01 -5.782851161719e-01
-2.678323480713e-01 -9.521749665728e-01 1.470668771638e-01
-4.816361168045e-01 -3.126925631713e-01 8.186879820340e-01
-8.915031247277e-01 4.498139419189e-01 5.375496494375e-02
-6.518979373552e-01 -4.834792536125e-01 -5.841890880515e-01
-2.676835006133e-01 -9.520656112006e-01 1.480426136918e-01
-4.820724065916e-01 -3.135620355482e-01 8.180984321375e-01
-8.919616759810e-01 4.489055878304e-01 5.374143462651e-02
-6.521474494522e-01 -4.836053639617e-01 -5.838060946243e-01
-2.676929461594e-01 -9.520729202607e-01 1.479785156124e-01
-4.820447579261e-01 -3.135082140118e-01 8.181353501121e-01
-8.919330179822e-01 4.489624947452e-01 5.374169466371e-02
-6.521320407511e-01 -4.835968344882e-01 -5.838303718537e-01
-2.676912087576e-01 -9.520728188776e-01 1.479823107955e-01
-4.820475751156e-01 -3.135098637894e-01 8.181330580242e-01
-8.919352915132e-01 4.489574325157e-01 5.374625142404e-02
-6.521335127932e-01 -4.836034779985e-01 -5.838232245806e-01
-2.677098786887e-01 -9.520670656510e-01 1.479855511702e-01
-4.820279363024e-01 -3.135351082037e-01 8.181349549724e-01
-8.919246417262e-01 4.489879347235e-01 5.366812791935e-02
-6.521247632078e-01 -4.834958256657e-01 -5.839221521530e-01
-2.674089488065e-01 -9.521585940756e-01 1.479407510669e-01
-4.824273683606e-01 -3.131467008591e-01 8.180482736353e-01
-8.922071918799e-01 4.482483935411e-01 5.513351472229e-02
-6.522248621231e-01 -4.856956967299e-01 -5.819814596760e-01
-2.729816235459e-01 -9.505038483080e-01 1.484030577780e-01
-4.749532231206e-01 -3.182116650787e-01 8.204637542605e-01
-8.849345564891e-01 4.647229547573e-01 3.038759702857e-02
-6.490756086218e-01 -4.531469214817e-01 -6.110308681596e-01
-1.635827386959e-01 -9.787665551323e-01 1.235180883722e-01
7.388150798689e-01 -6.735045345469e-01 -2.332208616576e-02
3.605786987882e-01 1.860282391555e-01 -9.139893304721e-01
1.173715527095e-01 9.870360520035e-01 -1.094703186250e-01
6.310143212556e-01 4.726966084652e-01 6.151250626628e-01
8.392944471668e-01 -5.425414689201e-01 -3.512243523655e-02
4.490438112680e-01 2.935678094919e-01 -8.439061540195e-01
1.605744239226e-01 9.771975842528e-01 -1.389270877561e-01
6.239014578072e-01 4.693298828077e-01 6.248811343365e-01
8.351344261404e-01 -5.489438938260e-01 -3.480074289812e-02
4.456750231902e-01 2.906801472069e-01 -8.466869703286e-01
1.592189096437e-01 9.775690287275e-01 -1.378699854379e-01
6.243498355326e-01 4.692967273126e-01 6.244580567212e-01
8.353731322848e-01 -5.485811800993e-01 -3.479107209678e-02
4.458730861886e-01 2.908408429446e-01 -8.465274922222e-01
1.592761948055e-01 9.775522362847e-01 -1.379228737484e-01
6.243248200186e-01 4.692963334902e-01 6.244833628540e-01
8.353585291888e-01 -5.486035334460e-01 -3.478923399610e-02
4.458608404174e-01 2.908316684987e-01 -8.465370940370e-01
1.592737848769e-01 9.775530604868e-01 -1.379198150519e-01
6.243259326061e-01 4.692977972247e-01 6.244811505527e-01
8.353600255811e-01 -5.486011914966e-01 -3.479023353996e-02
4.458640873561e-01 2.908316018672e-01 -8.465354067973e-01
1.592703465645e-01 9.775529630135e-01 -1.379244764670e-01
6.243302756532e-01 4.692762852814e-01 6.244929743201e-01
8.353492773516e-01 -5.486184381495e-01 -3.477634469955e-02
4.458200506606e-01 2.908433090958e-01 -8.465545770848e-01
1.593284363770e-01 9.775541646810e-01 -1.378488464821e-01
6.242416065985e-01 4.696290334785e-01 6.243164161748e-01
8.354567600305e-01 -5.484354324706e-01 -3.507960276427e-02
4.466251681041e-01 2.903344742092e-01 -8.463048223316e-01
1.587125841884e-01 9.775287194309e-01 -1.387368671555e-01
6.267191468741e-01 4.653381194411e-01 6.250468346743e-01
8.376709091463e-01 -5.453901038223e-01 -2.927597347092e-02
4.371950039628e-01 3.078962018171e-01 -8.450209804594e-01
1.383971237133e-01 9.787220909436e-01 -1.514902797111e-01
5.361875941742e-01 4.275026841730e-01 7.278353652294e-01
-3.494464925283e-01 -1.568533013071e-01 9.237338311054e-01
-6.942379760119e-01 7.196699159973e-01 1.043286496560e-02
-5.473664025201e-01 -3.949686984023e-01 -7.378277228964e-01
-1.551850896691e-01 -9.776341700586e-01 1.419472348379e-01
-4.183828615922e-01 -2.250485822754e-01 8.799482466269e-01
-7.773448281257e-01 6.288741420864e-01 1.588494889113e-02
-6.072910890829e-01 -4.082073713805e-01 -6.815895209517e-01
-1.606018144157e-01 -9.773347864953e-01 1.379266918064e-01
-4.155971281295e-01 -2.178560264013e-01 8.830729181960e-01
-7.741844256234e-01 6.327248046110e-01 1.725678857965e-02
-6.055837105254e-01 -4.081569432808e-01 -6.831370866803e-01
-1.605347589922e-01 -9.773289041737e-01 1.380463843132e-01
-4.156560129110e-01 -2.181578799770e-01 8.829706780720e-01
-7.742982082588e-01 6.325874098070e-01 1.718876496048e-02
-6.056515513650e-01 -4.081420048267e-01 -6.830858673880e-01
-1.605323681278e-01 -9.773293671812e-01 1.380458866769e-01
-4.156537654021e-01 -2.181474102377e-01 8.829743227940e-01
-7.742942512866e-01 6.325921795090e-01 1.719147604323e-02
-6.056489350867e-01 -4.081429359800e-01 -6.830876307166e-01
-1.605327416289e-01 -9.773293134670e-01 1.380458326185e-01
-4.156532546749e-01 -2.181471480378e-01 8.829746279940e-01
-7.742931259460e-01 6.325935626788e-01 1.719126435510e-02
-6.056480351238e-01 -4.081431386772e-01 -6.830883075426e-01
-1.605311887424e-01 -9.773296303305e-01 1.380453951385e-01
-4.156625484654e-01 -2.181587932055e-01 8.829673758132e-01
-7.743134388610e-01 6.325687520417e-01 1.718930887700e-02
-6.056652430383e-01 -4.081315986665e-01 -6.830799452079e-01
-1.605385860122e-01 -9.773291775408e-01 1.380399982923e-01
-4.155747627793e-01 -2.179704384055e-01 8.830552103477e-01
-7.741011583340e-01 6.328221762610e-01 1.742096146122e-02
-6.053358173314e-01 -4.087856397995e-01 -6.829808554779e-01
-1.607300958142e-01 -9.772742677009e-01 1.382057957874e-01
-4.126103242136e-01 -2.164433481174e-01 8.848191891048e-01
-7.669233550889e-01 6.416832940996e-01 8.433118800153e-03
-6.042339038787e-01 -3.901662924087e-01 -6.947457475016e-01
-8.735586559904e-02 -9.886883548033e-01 1.219191938203e-01
7.413475339297e-01 -6.708535757862e-01 -1.895557414830e-02
3.367801113947e-01 2.090696173426e-01 -9.180790007800e-01
1.193594591372e-01 9.864269179817e-01 -1.127619394810e-01
6.017260593053e-01 4.902343895296e-01 6.305521333526e-01
8.341230946937e-01 -5.505934906420e-01 -3.294648632705e-02
4.168719878124e-01 3.099797097098e-01 -8.544766382678e-01
1.616876987075e-01 9.770293062896e-01 -1.388193889118e-01
5.962833975470e-01 4.889998074787e-01 6.366516300895e-01
8.316726480935e-01 -5.542390631039e-01 -3.375895944543e-02
4.153934723661e-01 3.077381586481e-01 -8.560055425215e-01
1.604512766148e-01 9.773476424367e-01 -1.380107736957e-01
5.965166616658e-01 4.888983098345e-01 6.365110486048e-01
8.317705011076e-01 -5.540967822351e-01 -3.368366672258e-02
4.154439206701e-01 3.078401916895e-01 -8.559443703646e-01
1.604972961036e-01 9.773354853322e-01 -1.380433520817e-01
5.965077655148e-01 4.889021200862e-01 6.365164590611e-01
8.317660192002e-01 -5.541033529126e-01 -3.368625231318e-02
4.154418506370e-01 3.078357287506e-01 -8.559469801593e-01
1.604955352160e-01 9.773359549404e-01 -1.380420745874e-01
5.965078332772e-01 4.889020618671e-01 6.365164402755e-01
8.317659547299e-01 -5.541034405381e-01 -3.368640283753e-02
4.154420160758e-01 3.078350008277e-01 -8.559471616544e-01
1.604955395615e-01 9.773359525914e-01 -1.380420861661e-01
5.965126578214e-01 4.889002448907e-01 6.365133145541e-01
8.317702481685e-01 -5.540972726275e-01 -3.368184568114e-02
4.154390391114e-01 3.078518605268e-01 -8.559425429036e-01
1.604999750644e-01 9.773357635977e-01 -1.380382671479e-01
5.964277073746e-01 4.889510856843e-01 6.365538670717e-01
8.316843598924e-01 -5.542185728154e-01 -3.380679010075e-02
4.156021280492e-01 3.073926892081e-01 -8.560283907572e-01
1.605686083375e-01 9.773394675854e-01 -1.379321830337e-01
5.972282964973e-01 4.892625745650e-01 6.355631321852e-01
8.349462609228e-01 -5.494604093216e-01 -3.095157442262e-02
4.122582881548e-01 3.209607098073e-01 -8.526589743899e-01
1.396504128000e-01 9.784008828500e-01 -1.524121866619e-01
5.237512880373e-01 4.348733515705e-01 7.325092193093e-01
-3.521347793724e-01 -1.576412307602e-01 9.225780939957e-01
-6.979263556597e-01 7.160899385753e-01 1.067716941357e-02
-5.499305577272e-01 -3.940917086313e-01 -7.363885569901e-01
-1.544518611401e-01 -9.776978719360e-01 1.423077432967e-01
-4.210701524304e-01 -2.252221450758e-01 8.786210287147e-01
-7.805344981171e-01 6.248871187371e-01 1.679244132145e-02
-6.095827953771e-01 -4.080180882301e-01 -6.796543645540e-01
-1.607122013223e-01 -9.773194062265e-01 1.379070939405e-01
-4.182601097304e-01 -2.179889948208e-01 8.817818770792e-01
-7.773352713759e-01 6.288259343004e-01 1.810580641860e-02
-6.078668167150e-01 -4.078944390118e-01 -6.812635758354e-01
-1.605706828047e-01 -9.773221732239e-01 1.380522565861e-01
-4.183231005381e-01 -2.182854948209e-01 8.816786411766e-01
-7.774497854439e-01 6.286861022202e-01 1.804483273760e-02
-6.079339573863e-01 -4.078858494920e-01 -6.812088059038e-01
-1.605736254814e-01 -9.773220276201e-01 1.380498646444e-01
-4.183206370951e-01 -2.182753593977e-01 8.816823192399e-01
-7.774457709152e-01 6.286910019825e-01 1.804708597815e-02
-6.079313565932e-01 -4.078864043792e-01 -6.812107946835e-01
-1.605734262019e-01 -9.773220690016e-01 1.380498034779e-01
-4.183206151984e-01 -2.182754202067e-01 8.816823145746e-01
-7.774456160674e-01 6.286911902543e-01 1.804719796035e-02
-6.079311237550e-01 -4.078867709643e-01 -6.812107829756e-01
-1.605758722987e-01 -9.773214627271e-01 1.380512503690e-01
-4.183217091599e-01 -2.182812826922e-01 8.816803441564e-01
-7.774496117325e-01 6.286864547750e-01 1.804003324241e-02
-6.079388518943e-01 -4.078695756777e-01 -6.812141818797e-01
-1.605422485899e-01 -9.773286782175e-01 1.380392739450e-01
-4.183554933745e-01 -2.182506734028e-01 8.816718917617e-01
-7.775094826550e-01 6.286064525983e-01 1.824642795956e-02
-6.078497191345e-01 -4.083618804171e-01 -6.809987471136e-01
-1.611309590621e-01 -9.772032315520e-01 1.382413045221e-01
-4.148935675882e-01 -2.162701736630e-01 8.837932674318e-01
-7.695575229402e-01 6.384964774968e-01 1.017187841016e-02
-6.053716817011e-01 -3.921685961806e-01 -6.926246596564e-01
-8.974698643975e-02 -9.884873707821e-01 1.218121349838e-01
7.418843831963e-01 -6.702628802034e-01 -1.884763621547e-02
3.369280400725e-01 2.106493239185e-01 -9.176635320997e-01
1.196786309465e-01 9.863676180275e-01 -1.129422303730e-01
6.019250440797e-01 4.910347304485e-01 6.297389417870e-01
8.345950570333e-01 -5.498707046232e-01 -3.306507179309e-02
4.171690656542e-01 3.110264842574e-01 -8.539511091109e-01
1.619842065140e-01 9.769761840090e-01 -1.388475880928e-01
5.963913944654e-01 4.898990717775e-01 6.358586352949e-01
8.321297294078e-01 -5.535441306021e-01 -3.389703396713e-02
4.156595679001e-01 3.088011707284e-01 -8.554934018272e-01
1.607465304776e-01 9.772949171876e-01 -1.380405656997e-01
5.966268727159e-01 4.898003203214e-01 6.357137885608e-01
8.322292205026e-01 -5.533990035742e-01 -3.382406517214e-02
4.157130892419e-01 3.089008656296e-01 -8.554314014848e-01
1.607924865768e-01 9.772828098902e-01 -1.380727552906e-01
5.966178200805e-01 4.898039770480e-01 6.357194670846e-01
8.322246140560e-01 -5.534057806730e-01 -3.382652327905e-02
4.157108392982e-01 3.088964929075e-01 -8.554340738826e-01
1.607907332449e-01 9.772832776568e-01 -1.380714862485e-01
5.966180338840e-01 4.898039174546e-01 6.357193123467e-01
8.322246756832e-01 -5.534056871542e-01 -3.382653705791e-02
4.157109027150e-01 3.088962886863e-01 -8.554341168084e-01
1.607905818267e-01 9.772832610404e-01 -1.380717801946e-01
5.966205122722e-01 4.898019121091e-01 6.357185314511e-01
8.322269095391e-01 -5.534025244261e-01 -3.382332032572e-02
4.157074865443e-01 3.089073268152e-01 -8.554317910102e-01
1.607933382753e-01 9.772830582022e-01 -1.380700058568e-01
5.965963849163e-01 4.898209279685e-01 6.357265229868e-01
8.321832605092e-01 -5.534642507301e-01 -3.388722609056e-02
4.158155923362e-01 3.086594401097e-01 -8.554687271907e-01
1.608639959904e-01 9.772784361555e-01 -1.380204079820e-01
5.971483513730e-01 4.901493215894e-01 6.349547141317e-01
8.351096351323e-01 -5.491833341906e-01 -3.145731642151e-02
4.131045891424e-01 3.204461213728e-01 -8.524428905954e-01
1.397480696988e-01 9.784254368256e-01 -1.521648500412e-01
5.240612719101e-01 4.355462101844e-01 7.318874791100e-01
-3.521745793292e-01 -1.575799771936e-01 9.225733664387e-01
-6.979788578834e-01 7.160377774243e-01 1.074314893641e-02
-5.499210399774e-01 -3.941824462226e-01 -7.363470980999e-01
-1.546841335458e-01 -9.776584363257e-01 1.423263879621e-01
-4.211070153470e-01 -2.252709091249e-01 8.785908599158e-01
-7.806034558615e-01 6.248004516069e-01 1.681191152047e-02
-6.096058107547e-01 -4.080612990645e-01 -6.796077778395e-01
-1.609286892416e-01 -9.772808131841e-01 1.379281304200e-01
-4.182910743984e-01 -2.180388492984e-01 8.817548623485e-01
-7.774025351238e-01 6.287422375669e-01 1.812448847215e-02
-6.078888295345e-01 -4.079366209496e-01 -6.812186757682e-01
-1.607879594066e-01 -9.772833934557e-01 1.380738968291e-01
-4.183539559943e-01 -2.183363073822e-01 8.816514188627e-01
-7.775171788625e-01 6.286022261417e-01 1.806316316056e-02
-6.079560754820e-01 -4.079278594460e-01 -6.811639096226e-01
-1.607908071451e-01 -9.772832620751e-01 1.380715104774e-01
-4.183514942891e-01 -2.183261232477e-01 8.816551089478e-01
-7.775131515923e-01 6.286071420014e-01 1.806544009517e-02
-6.079534563114e-01 -4.079284386743e-01 -6.811659004088e-01
-1.607906673084e-01 -9.772832890908e-01 1.380714821040e-01
-4.183515680961e-01 -2.183262685432e-01 8.816550379460e-01
-7.775131592826e-01 6.286071281904e-01 1.806558968348e-02
-6.079533158195e-01 -4.079289025638e-01 -6.811657479917e-01
-1.607918057019e-01 -9.772830425685e-01 1.380719012948e-01
-4.183517068027e-01 -2.183279445602e-01 8.816545570910e-01
-7.775138357272e-01 6.286063971344e-01 1.806191392032e-02
-6.079554872431e-01 -4.079207575583e-01 -6.811686876861e-01
-1.607742955485e-01 -9.772869733670e-01 1.380644689194e-01
-4.183934758587e-01 -2.183036960374e-01 8.816407406962e-01
-7.775831031847e-01 6.285152942017e-01 1.824945468066e-02
-6.078957171182e-01 -4.083445138042e-01 -6.809681014228e-01
-1.612280739832e-01 -9.771847787686e-01 1.382585125867e-01
-4.148246706623e-01 -2.163782564697e-01 8.837991529398e-01
-7.695336265040e-01 6.385264260624e-01 1.009954947362e-02
-6.053566703112e-01 -3.921341397935e-01 -6.926572876381e-01
-8.988297328902e-02 -9.884742407950e-01 1.218184156747e-01
7.418690904086e-01 -6.702789324760e-01 -1.887870162734e-02
3.369425566524e-01 2.105862102794e-01 -9.176726875944e-01
1.196705150779e-01 9.863704215253e-01 -1.129263448490e-01
6.019274251367e-01 4.910322471574e-01 6.297386022152e-01
8.345907178763e-01 -5.498772020604e-01 -3.306654334914e-02
4.171735930493e-01 3.110153283735e-01 -8.539529605189e-01
1.619807605570e-01 9.769768062948e-01 -1.388472296134e-01
5.963950291654e-01 4.898890649573e-01 6.358629358770e-01
8.321239172103e-01 -5.535529683093e-01 -3.389539323465e-02
4.156626916132e-01 3.087898563779e-01 -8.554959680788e-01
1.607429892594e-01 9.772955533263e-01 -1.380401856439e-01
5.966308077710e-01 4.897899556667e-01 6.357180810285e-01
8.322234582355e-01 -5.534077773264e-01 -3.382229378982e-02
4.157161777535e-01 3.088897030220e-01 -8.554339313594e-01
1.607889512302e-01 9.772834410932e-01 -1.380724046551e-01
5.966217371329e-01 4.897936322143e-01 6.357237612539e-01
8.322188449345e-01 -5.534145638711e-01 -3.382476357867e-02
4.157139339668e-01 3.088852990233e-01 -8.554366120018e-01
1.607872094336e-01 9.772839083909e-01 -1.380711254489e-01
5.966219922870e-01 4.897935929027e-01 6.357235520814e-01
8.322189653946e-01 -5.534143812436e-01 -3.382478780894e-02
4.157141154954e-01 3.088851351093e-01 -8.554365829717e-01
1.607871981656e-01 9.772839000702e-01 -1.380711974655e-01
5.966227158498e-01 4.897930356738e-01 6.357233023395e-01
8.322197141036e-01 -5.534133195647e-01 -3.382373701661e-02
4.157124794430e-01 3.088889344082e-01 -8.554360061603e-01
1.607897264071e-01 9.772840262720e-01 -1.380673599210e-01
5.966027974685e-01 4.898132386479e-01 6.357264296048e-01
8.321859865405e-01 -5.534608277200e-01 -3.387618610728e-02
4.158064649927e-01 3.086906637018e-01 -8.554618973476e-01
1.608542121010e-01 9.772766824202e-01 -1.380442264170e-01
5.971785059562e-01 4.900701236578e-01 6.349874848545e-01
8.350967450540e-01 -5.492047389786e-01 -3.142580283390e-02
4.130762613300e-01 3.204528975570e-01 -8.524540707704e-01
1.397521361851e-01 9.784261735748e-01 -1.521563777678e-01
5.240254922908e-01 4.355933083525e-01 7.318850682641e-01
-3.521702200479e-01 -1.575854982284e-01 9.225740874637e-01
-6.979752816767e-01 7.160413342948e-01 1.073842398315e-02
-5.499208233594e-01 -3.941773627735e-01 -7.363499811317e-01
-1.546806184511e-01 -9.776589730002e-01 1.423265217301e-01
-4.211055814092e-01 -2.252703563988e-01 8.785916889170e-01
-7.806015586856e-01 6.248028442360e-01 1.681108004455e-02
-6.096050846024e-01 -4.080600033632e-01 -6.796092071787e-01
-1.609251753761e-01 -9.772814348738e-01 1.379278252612e-01
-4.182900199137e-01 -2.180375011291e-01 8.817556959510e-01
-7.774005794266e-01 6.287446699596e-01 1.812399251504e-02
-6.078879881499e-01 -4.079356477461e-01 -6.812200093663e-01
-1.607844883173e-01 -9.772840194736e-01 1.380735079515e-01
-4.183528916647e-01 -2.183348864549e-01 8.816522757825e-01
-7.775151905374e-01 6.286047007860e-01 1.806263085301e-02
-6.079552712811e-01 -4.079267417650e-01 -6.811652967339e-01
-1.607873256434e-01 -9.772838803406e-01 1.380711886634e-01
-4.183503995965e-01 -2.183248461407e-01 8.816559446378e-01
-7.775111931805e-01 6.286095806659e-01 1.806487127240e-02
-6.079526783715e-01 -4.079273084670e-01 -6.811672715771e-01
-1.607872292130e-01 -9.772838968977e-01 1.380711837655e-01
-4.183504960789e-01 -2.183251036578e-01 8.816558350872e-01
-7.775112851760e-01 6.286094668717e-01 1.806487152704e-02
-6.079527057025e-01 -4.079274310379e-01 -6.811671737803e-01
-1.607877995652e-01 -9.772837641732e-01 1.380714590147e-01
-4.183504143745e-01 -2.183267409162e-01 8.816554684192e-01
-7.775117938197e-01 6.286089296373e-01 1.806167355195e-02
-6.079541940934e-01 -4.079211075639e-01 -6.811696322416e-01
-1.607735278060e-01 -9.772871561987e-01 1.380640687722e-01
-4.183938338033e-01 -2.182972143200e-01 8.816421757468e-01
-7.775796039309e-01 6.285195091323e-01 1.825338847153e-02
-6.078915584417e-01 -4.083494703653e-01 -6.809688415983e-01
-1.612213277257e-01 -9.771860472000e-01 1.382574144269e-01
-4.148271747455e-01 -2.163761102201e-01 8.837985030643e-01
-7.695360457407e-01 6.385235269870e-01 1.009850433964e-02
-6.053609253180e-01 -3.921285067023e-01 -6.926567579469e-01
-8.987931446208e-02 -9.884744495979e-01 1.218194209640e-01
7.418691586845e-01 -6.702789303476e-01 -1.887609400025e-02
3.369406928516e-01 2.105893645508e-01 -9.176726480825e-01
1.196707028247e-01 9.863703024128e-01 -1.129271862909e-01
6.019274283356e-01 4.910317541184e-01 6.297389835993e-01
8.345906390972e-01 -5.498773395955e-01 -3.306624458091e-02
4.171731577517e-01 3.110156576845e-01 -8.539530532333e-01
1.619806604559e-01 9.769768209990e-01 -1.388472429287e-01
5.963947517179e-01 4.898893001465e-01 6.358630149060e-01
8.321239395444e-01 -5.535529323493e-01 -3.389543220792e-02
4.156624882825e-01 3.087899031447e-01 -8.554960499913e-01
1.607430987011e-01 9.772955343386e-01 -1.380401926319e-01
5.966304627987e-01 4.897902113408e-01 6.357182078054e-01
8.322233881771e-01 -5.534078831860e-01 -3.382228553256e-02
4.157158221199e-01 3.088898933136e-01 -8.554340354743e-01
1.607890200078e-01 9.772834286382e-01 -1.380724127195e-01
5.966215202384e-01 4.897937491682e-01 6.357238747004e-01
8.322188670722e-01 -5.534145327119e-01 -3.382472870865e-02
4.157136140134e-01 3.088855470267e-01 -8.554366779382e-01
1.607872484861e-01 9.772838983046e-01 -1.380711513631e-01
5.966217983034e-01 4.897936989663e-01 6.357236524167e-01
8.322190166643e-01 -5.534143102273e-01 -3.382468828998e-02
4.157137261711e-01 3.088855980760e-01 -8.554366050002e-01
1.607872630986e-01 9.772838740358e-01 -1.380713061240e-01
5.966224648154e-01 4.897930577885e-01 6.357235208955e-01
8.322195313393e-01 -5.534135838556e-01 -3.382390961182e-02
4.157124896610e-01 3.088881502177e-01 -8.554362843573e-01
1.607900962235e-01 9.772840783357e-01 -1.380665607159e-01
5.966005106827e-01 4.898164970209e-01 6.357260651408e-01
8.321854923626e-01 -5.534614380566e-01 -3.387835423475e-02
4.158082930872e-01 3.086862558187e-01 -8.554625993394e-01
1.608542553638e-01 9.772768765804e-01 -1.380428014516e-01
5.971783084949e-01 4.900721920826e-01 6.349860741864e-01
8.350979235789e-01 -5.492029674025e-01 -3.142544558963e-02
4.130750663986e-01 3.204576692011e-01 -8.524528560395e-01
1.397518741505e-01 9.784258898295e-01 -1.521584430217e-01
5.240277410843e-01 4.355883647960e-01 7.318864003576e-01
-3.521712047098e-01 -1.575843093836e-01 9.225739146590e-01
-6.979753070747e-01 7.160412985905e-01 1.073915391292e-02
-5.499206809658e-01 -3.941783016328e-01 -7.363495848902e-01
-1.546806061998e-01 -9.776590478041e-01 1.423260212064e-01
-4.211059384256e-01 -2.252689300592e-01 8.785918835117e-01
-7.806010976613e-01 6.248034208030e-01 1.681105835044e-02
-6.096054268090e-01 -4.080589501501e-01 -6.796095326048e-01
-1.609251657879e-01 -9.772813407713e-01 1.379285032052e-01
-4.182899094337e-01 -2.180393728126e-01 8.817552855353e-01
-7.774010030976e-01 6.287441645995e-01 1.812335137396e-02
-6.078887742211e-01 -4.079350383549e-01 -6.812196728356e-01
-1.607844078036e-01 -9.772840338133e-01 1.380735002121e-01
-4.183535630408e-01 -2.183343651974e-01 8.816520862930e-01
-7.775153254419e-01 6.286045190146e-01 1.806314970935e-02
-6.079552335509e-01 -4.079276522614e-01 -6.811647851427e-01
-1.607874365423e-01 -9.772839055871e-01 1.380708808206e-01
-4.183509323118e-01 -2.183244306922e-01 8.816557947390e-01
-7.775112287575e-01 6.286095312288e-01 1.806506031653e-02
-6.079529149529e-01 -4.079274445333e-01 -6.811669789390e-01
-1.607872910279e-01 -9.772838875289e-01 1.380711780940e-01
-4.183509099057e-01 -2.183252028377e-01 8.816556141640e-01
-7.775114300774e-01 6.286092865656e-01 1.806490914579e-02
-6.079530533856e-01 -4.079274412044e-01 -6.811668573790e-01
-1.607877981285e-01 -9.772837605196e-01 1.380714865486e-01
-4.183508028869e-01 -2.183270847701e-01 8.816551989183e-01
-7.775120621509e-01 6.286086027627e-01 1.806149890184e-02
-6.079547649643e-01 -4.079207443972e-01 -6.811693402140e-01
-1.607734612826e-01 -9.772871614798e-01 1.380641088554e-01
-4.183939751269e-01 -2.182977245153e-01 8.816419823539e-01
-7.775796668001e-01 6.285194375842e-01 1.825317391317e-02
-6.078918684578e-01 -4.083494453323e-01 -6.809685798623e-01
-1.612217684961e-01 -9.771859775760e-01 1.382573925395e-01
-4.148278155820e-01 -2.163756314823e-01 8.837983194825e-01
-7.695361034684e-01 6.385234463521e-01 1.009920379822e-02
-6.053608184780e-01 -3.921296579685e-01 -6.926561995631e-01
-8.987930973757e-02 -9.884745062194e-01 1.218189650069e-01
7.418720942399e-01 -6.702756536039e-01 -1.887707535527e-02
3.369420403785e-01 2.105892818246e-01 -9.176721722958e-01
1.196751370725e-01 9.863697371311e-01 -1.129274246527e-01
6.019264527365e-01 4.910336891961e-01 6.297384072537e-01
8.345914816758e-01 -5.498760253092e-01 -3.306683390131e-02
4.171728515346e-01 3.110172613377e-01 -8.539526187631e-01
1.619847561312e-01 9.769760839366e-01 -1.388476510314e-01
5.963971652901e-01 4.898881294567e-01 6.358616530751e-01
8.321267862174e-01 -5.535486341947e-01 -3.389574074621e-02
4.156635643858e-01 3.087921046077e-01 -8.554947325227e-01
1.607431955229e-01 9.772955125787e-01 -1.380402339418e-01
5.966308422835e-01 4.897917284129e-01 6.357166828190e-01
8.322251175671e-01 -5.534052241436e-01 -3.382324024887e-02
4.157176012729e-01 3.088897009879e-01 -8.554332403031e-01
1.607911505881e-01 9.772830625821e-01 -1.380725225479e-01
5.966220734430e-01 4.897949790809e-01 6.357224079327e-01
8.322206019375e-01 -5.534118755967e-01 -3.382551787418e-02
4.157147884525e-01 3.088863251593e-01 -8.554358262263e-01
1.607887147656e-01 9.772836428349e-01 -1.380712520814e-01
5.966227405230e-01 4.897944021665e-01 6.357222263671e-01
8.322209444476e-01 -5.534113757941e-01 -3.382526813627e-02
4.157149430233e-01 3.088866147272e-01 -8.554356465506e-01
1.607887945022e-01 9.772835964131e-01 -1.380714878040e-01
5.966234895717e-01 4.897936421134e-01 6.357221089727e-01
8.322214881558e-01 -5.534106124756e-01 -3.382437953819e-02
4.157135888141e-01 3.088894499696e-01 -8.554352808791e-01
1.607916201365e-01 9.772837875928e-01 -1.380668439639e-01
5.966015830617e-01 4.898168991519e-01 6.357247489232e-01
8.321873770674e-01 -5.534585746207e-01 -3.387883747354e-02
4.158094532524e-01 3.086872386796e-01 -8.554616807679e-01
1.608558483103e-01 9.772766054276e-01 -1.380428648946e-01
5.971790214161e-01 4.900734069888e-01 6.349844660643e-01
8.350999004170e-01 -5.491999028756e-01 -3.142646981330e-02
4.130768887744e-01 3.204578270309e-01 -8.524519136322e-01
1.397532658638e-01 9.784257006937e-01 -1.521583809799e-01
5.240283240919e-01 4.355905058096e-01 7.318847086788e-01
-3.521698272978e-01 -1.576131419709e-01 9.225695151148e-01
-6.979902967490e-01 7.160267671528e-01 1.073379545942e-02
-5.499316241677e-01 -3.941779141562e-01 -7.363416195841e-01
-1.546837754746e-01 -9.776584213283e-01 1.423268801412e-01
-4.211115951844e-01 -2.252747238071e-01 8.785876866966e-01
-7.806116799355e-01 6.247897976640e-01 1.682598832861e-02
-6.095911412430e-01 -4.081018156896e-01 -6.795966072230e-01
-1.609315995969e-01 -9.772818668045e-01 1.379172689196e-01
-4.182791706827e-01 -2.180314871500e-01 8.817623296468e-01
-7.773986024385e-01 6.287471953777e-01 1.812118183960e-02
-6.078820659385e-01 -4.079259410717e-01 -6.812311065351e-01
-1.607860287632e-01 -9.772827729755e-01 1.380805366437e-01
-4.183396445375e-01 -2.183531183852e-01 8.816540463808e-01
-7.775213384542e-01 6.285971622647e-01 1.806033889884e-02
-6.079479136898e-01 -4.079322017497e-01 -6.811685936799e-01
-1.607900212839e-01 -9.772834101771e-01 1.380713773676e-01
-4.183400090186e-01 -2.183295031104e-01 8.816597217327e-01
-7.775143146613e-01 6.286056847055e-01 1.806609124122e-02
-6.079429130010e-01 -4.079341402368e-01 -6.811718958979e-01
-1.607901141416e-01 -9.772833844935e-01 1.380714510217e-01
-4.183400147901e-01 -2.183307923502e-01 8.816593997328e-01
-7.775146820938e-01 6.286052387926e-01 1.806579339896e-02
-6.079432008138e-01 -4.079340690373e-01 -6.811716816654e-01
-1.607906238155e-01 -9.772832563990e-01 1.380717641490e-01
-4.183399225962e-01 -2.183326100021e-01 8.816589933596e-01
-7.775153048016e-01 6.286045656674e-01 1.806241460264e-02
-6.079448979282e-01 -4.079273920012e-01 -6.811741656421e-01
-1.607762742570e-01 -9.772866553760e-01 1.380644156185e-01
-4.183829811963e-01 -2.183034491738e-01 8.816457821166e-01
-7.775828800994e-01 6.285154455926e-01 1.825374558544e-02
-6.078824684136e-01 -4.083551515440e-01 -6.809735492682e-01
-1.612246581097e-01 -9.771853655167e-01 1.382583488883e-01
-4.148148691519e-01 -2.163833347943e-01 8.838025100405e-01
-7.695385471913e-01 6.385205371902e-01 1.009692889202e-02
-6.053517285833e-01 -3.921298103656e-01 -6.926640574794e-01
-8.988404963944e-02 -9.884730640927e-01 1.218271693166e-01
7.417951256130e-01 -6.703615791871e-01 -1.885059061805e-02
3.369437585134e-01 2.105951702930e-01 -9.176701901272e-01
1.195074374427e-01 9.863913228450e-01 -1.129164762643e-01
6.019318301990e-01 4.910243751091e-01 6.297405297756e-01
8.345569363613e-01 -5.499283268743e-01 -3.306894725550e-02
4.171967375889e-01 3.109529208539e-01 -8.539643804970e-01
1.618476552481e-01 9.770009101134e-01 -1.388328423981e-01
5.963613561905e-01 4.898625166017e-01 6.359149689001e-01
8.320194719316e-01 -5.537117723696e-01 -3.386549078324e-02
4.156096018223e-01 3.087615023815e-01 -8.555319944457e-01
1.605330326497e-01 9.773329453391e-01 -1.380197789561e-01
5.966149468336e-01 4.897432714356e-01 6.357689307431e-01
8.321332858203e-01 -5.535454136915e-01 -3.378860179116e-02
4.156827338692e-01 3.088497218260e-01 -8.554646188423e-01
1.605999608468e-01 9.773170376589e-01 -1.380545561637e-01
5.965953416541e-01 4.897603059566e-01 6.357742060086e-01
8.321229426974e-01 -5.535605144418e-01 -3.379593300399e-02
4.156780615570e-01 3.088404482820e-01 -8.554702371475e-01
1.605953415608e-01 9.773181704356e-01 -1.380519105462e-01
5.965966132884e-01 4.897592564832e-01 6.357738211832e-01
8.321236975515e-01 -5.535594062115e-01 -3.379549922691e-02
4.156783873645e-01 3.088410839949e-01 -8.554698493313e-01
1.605955649110e-01 9.773180894009e-01 -1.380522243964e-01
5.965973164343e-01 4.897585488716e-01 6.357737064637e-01
8.321242237158e-01 -5.535586676639e-01 -3.379464098803e-02
4.156770412862e-01 3.088438762602e-01 -8.554694953323e-01
1.605983026974e-01 9.773182915989e-01 -1.380476080085e-01
5.965754955662e-01 4.897815707528e-01 6.357764473782e-01
8.320901432534e-01 -5.536065985703e-01 -3.384859701687e-02
4.157724274444e-01 3.086430082419e-01 -8.554956353135e-01
1.606627168365e-01 9.773109345092e-01 -1.380247394763e-01
5.971526572719e-01 4.900342210311e-01 6.350394996625e-01
8.350001388117e-01 -5.493534271103e-01 -3.139395334398e-02
4.130351796016e-01 3.204119636490e-01 -8.524893629613e-01
1.395574703442e-01 9.784578194228e-01 -1.521315486069e-01
5.240360968860e-01 4.355572498947e-01 7.318989351165e-01
-3.517088965214e-01 -1.563236570792e-01 9.229646614822e-01
-6.973539711000e-01 7.166468377938e-01 1.071208995055e-02
-5.495187358778e-01 -3.934139093982e-01 -7.370581081647e-01
-1.545178259364e-01 -9.776622813309e-01 1.424805429902e-01
-4.206800512995e-01 -2.250849402766e-01 8.788430258581e-01
-7.802857273811e-01 6.252049860160e-01 1.651996083788e-02
-6.096128356999e-01 -4.072511953811e-01 -6.800872402939e-01
-1.606732868988e-01 -9.773445128905e-01 1.377744461067e-01
-4.182185937475e-01 -2.165933211138e-01 8.821454194705e-01
-7.767877116054e-01 6.295031310118e-01 1.807371420371e-02
-6.077868781536e-01 -4.070027102926e-01 -6.818679524357e-01
-1.605369746010e-01 -9.773282977630e-01 1.380481009563e-01
-4.181995342850e-01 -2.172689164055e-01 8.819883034870e-01
-7.769850156251e-01 6.292643194503e-01 1.790814789037e-02
-6.079280701997e-01 -4.069442511665e-01 -6.817769707945e-01
-1.605332096192e-01 -9.773291889113e-01 1.380461702160e-01
-4.182004362862e-01 -2.172287316177e-01 8.819977739483e-01
-7.769731666573e-01 6.292786361401e-01 1.791916270682e-02
-6.079181380339e-01 -4.069495456876e-01 -6.817826667745e-01
-1.605336752834e-01 -9.773291542184e-01 1.380458743124e-01
-4.182004600637e-01 -2.172310230879e-01 8.819971983009e-01
-7.769738470047e-01 6.292778130636e-01 1.791856737111e-02
-6.079187196293e-01 -4.069493189027e-01 -6.817822835546e-01
-1.605341735390e-01 -9.773290234768e-01 1.380462205059e-01
-4.182002589193e-01 -2.172328761235e-01 8.819968372794e-01
-7.769743704712e-01 6.292772671749e-01 1.791503970847e-02
-6.079204198314e-01 -4.069423653465e-01 -6.817849180190e-01
-1.605196368687e-01 -9.773325247230e-01 1.380383363352e-01
-4.182459812738e-01 -2.172005931882e-01 8.819831072458e-01
-7.770436381631e-01 6.291860853080e-01 1.811227332570e-02
-6.078541767254e-01 -4.073834403746e-01 -6.815805398822e-01
-1.609660537948e-01 -9.772322561594e-01 1.382282425820e-01
-4.146574544587e-01 -2.152784490077e-01 8.841461332012e-01
-7.689822370620e-01 6.391925833623e-01 9.957934415730e-03
-6.052290946491e-01 -3.912188348168e-01 -6.932860638112e-01
-8.962324319284e-02 -9.885114940130e-01 1.217074380790e-01
7.401842422598e-01 -6.721374159073e-01 -1.893625220891e-02
3.347440639230e-01 2.101993199158e-01 -9.185655434291e-01
1.213449336623e-01 9.861353279642e-01 -1.131924114749e-01
6.010232121628e-01 4.907420612991e-01 6.308274944178e-01
8.342336299779e-01 -5.504626165442e-01 -3.232890968305e-02
4.157139182887e-01 3.117401657020e-01 -8.544003787623e-01
1.673900845187e-01 9.759915429166e-01 -1.393594911014e-01
5.945015858466e-01 4.912093431011e-01 6.366170321913e-01
8.314310782414e-01 -5.545948291022e-01 -3.386646818708e-02
4.138439924525e-01 3.094290046704e-01 -8.561465067263e-01
1.656451152033e-01 9.764109985171e-01 -1.385036381618e-01
5.950672497506e-01 4.907089975689e-01 6.364743890991e-01
8.317155876270e-01 -5.541811514220e-01 -3.365163750598e-02
4.139708216038e-01 3.096918082012e-01 -8.559901534444e-01
1.657617711506e-01 9.763819420278e-01 -1.385688944427e-01
5.950285494117e-01 4.907429706046e-01 6.364843770174e-01
8.316924818189e-01 -5.542150281037e-01 -3.366479332857e-02
4.139614395019e-01 3.096710232026e-01 -8.560022102741e-01
1.657542210701e-01 9.763838694439e-01 -1.385643449349e-01
5.950309550652e-01 4.907410323840e-01 6.364836224514e-01
8.316940127018e-01 -5.542127727781e-01 -3.366410143818e-02
4.139621022909e-01 3.096722941982e-01 -8.560014299479e-01
1.657543682325e-01 9.763837775014e-01 -1.385648167608e-01
5.950316413902e-01 4.907401700574e-01 6.364836456945e-01
8.316945602376e-01 -5.542120293623e-01 -3.366281303121e-02
4.139602624817e-01 3.096755857218e-01 -8.560011289092e-01
1.657610384051e-01 9.763834252081e-01 -1.385593198807e-01
5.950086054602e-01 4.907681371124e-01 6.364836172467e-01
8.316605803766e-01 -5.542592279840e-01 -3.372517223515e-02
4.140665806609e-01 3.094606876251e-01 -8.560274233892e-01
1.657803649934e-01 9.763833773231e-01 -1.385365333399e-01
5.955573702224e-01 4.909791572388e-01 6.358072710585e-01
8.344628624208e-01 -5.501753706872e-01 -3.128566332408e-02
4.112039888119e-01 3.211225741519e-01 -8.531070108464e-01
1.448279565266e-01 9.776151393999e-01 -1.526220895694e-01
5.218922298608e-01 4.360195656757e-01 7.331544440013e-01
-3.791965398288e-01 -1.578416669324e-01 9.117543486937e-01
-7.046231405595e-01 7.094452407929e-01 1.391689995808e-02
-5.676880322074e-01 -3.981984707385e-01 -7.205333274665e-01
-1.572251590540e-01 -9.769679092388e-01 1.442704185828e-01
-4.474209676728e-01 -2.411695807591e-01 8.611920291103e-01
-7.952087616721e-01 6.060477403894e-01 1.868586976288e-02
-6.367920286873e-01 -4.100185935048e-01 -6.529783037595e-01
-1.640782297499e-01 -9.766718935071e-01 1.385292278016e-01
-4.479026414628e-01 -2.267203220610e-01 8.648590170283e-01
-7.905936235232e-01 6.119457790920e-01 2.200195209344e-02
-6.319301049166e-01 -4.123512816303e-01 -6.562246284908e-01
-1.641128333314e-01 -9.766880471955e-01 1.383742620629e-01
-4.477296329633e-01 -2.276921254475e-01 8.646932819074e-01
-7.908594965175e-01 6.116119877489e-01 2.172632527212e-02
-6.322588452556e-01 -4.121246211968e-01 -6.560503404461e-01
-1.640970060593e-01 -9.766867241143e-01 1.384023682646e-01
-4.477403742505e-01 -2.276364716765e-01 8.647023730907e-01
-7.908442492548e-01 6.116310949079e-01 2.174343952425e-02
-6.322379745132e-01 -4.121399226077e-01 -6.560608415204e-01
-1.640981459840e-01 -9.766868359596e-01 1.384002274128e-01
-4.477392235416e-01 -2.276395055996e-01 8.647021702255e-01
-7.908445908139e-01 6.116307003312e-01 2.174211564424e-02
-6.322385503077e-01 -4.121384684266e-01 -6.560612001542e-01
-1.640992703310e-01 -9.766864622731e-01 1.384015313838e-01
-4.477472657697e-01 -2.276446027973e-01 8.646966640464e-01
-7.908528207701e-01 6.116200269672e-01 2.174301019840e-02
-6.322515010529e-01 -4.121372110412e-01 -6.560495093296e-01
-1.640792265038e-01 -9.766915515471e-01 1.383893802519e-01
-4.476767854343e-01 -2.275964347192e-01 8.647458347320e-01
-7.908394548176e-01 6.116323547909e-01 2.188193951096e-02
-6.320250738246e-01 -4.125551472539e-01 -6.560049973372e-01
-1.644848915483e-01 -9.766199464481e-01 1.384131520195e-01
-4.458528242834e-01 -2.249848724141e-01 8.663700515734e-01
-7.837679208833e-01 6.208529051205e-01 1.579608804907e-02
-6.296315909956e-01 -4.005953992383e-01 -6.656480945135e-01
-9.150110776117e-02 -9.886673790524e-01 1.190141204904e-01
8.102782264483e-01 -5.843078746570e-01 -4.509438277298e-02
4.016296547512e-01 2.582124239880e-01 -8.786466664836e-01
1.752069965159e-01 9.778148256004e-01 -1.148071217650e-01
6.653414992195e-01 5.245016231620e-01 5.312426345059e-01
9.205961181452e-01 -3.865838553609e-01 -5.527847709831e-02
5.017724334560e-01 3.846312668797e-01 -7.747794612418e-01
2.469985322580e-01 9.576046012877e-01 -1.482739109049e-01
6.561805182391e-01 5.350062593510e-01 5.321610939731e-01
9.123082528433e-01 -4.047123269157e-01 -6.246266273862e-02
4.970760723493e-01 3.736560852538e-01 -7.831324972510e-01
2.412602773523e-01 9.594875517271e-01 -1.455235948310e-01
6.569062001026e-01 5.338721261709e-01 5.324047305994e-01
9.128598646540e-01 -4.035796241542e-01 -6.172806874906e-02
4.973419481807e-01 3.744520303749e-01 -7.825833268911e-01
2.416426491190e-01 9.593620706498e-01 -1.457163255279e-01
6.568598933220e-01 5.339439831545e-01 5.323898039953e-01
9.128230432892e-01 -4.036555774525e-01 -6.177593732026e-02
4.973243664689e-01 3.743996239948e-01 -7.826195730167e-01
2.416182599711e-01 9.593701008472e-01 -1.457038985373e-01
6.568621639356e-01 5.339391373910e-01 5.323918624021e-01
9.128241905130e-01 -4.036534897024e-01 -6.177262715327e-02
4.973240566402e-01 3.744013704845e-01 -7.826189343904e-01
2.416223058298e-01 9.593694442726e-01 -1.457015124201e-01
6.568721811264e-01 5.339473618810e-01 5.323712542977e-01
9.128434859043e-01 -4.036089860871e-01 -6.177828576295e-02
4.973439093765e-01 3.744293703750e-01 -7.825929225381e-01
2.415806426268e-01 9.593721368635e-01 -1.457528597250e-01
6.567140727847e-01 5.338165868322e-01 5.326973608244e-01
9.125191898243e-01 -4.043505610231e-01 -6.171994817428e-02
4.971514370137e-01 3.738247763637e-01 -7.830041412737e-01
2.424135742930e-01 9.593163458425e-01 -1.447335745360e-01
6.587415377956e-01 5.369563868760e-01 5.270079932750e-01
9.183836152628e-01 -3.905922124795e-01 -6.331870787665e-02
5.004832031802e-01 3.839766688581e-01 -7.759371631177e-01
2.189166896376e-01 9.621939224633e-01 -1.620442488112e-01
5.773638778419e-01 4.861339955919e-01 6.559913801974e-01
