-3.989891274550e-01 -2.094390004268e-01 8.927166298848e-01
-7.935090977126e-01 6.049849925216e-01 6.585188433868e-02
-5.772152180656e-01 -4.894734422499e-01 -6.536347155449e-01
-3.017825102596e-01 -9.392620779585e-01 1.634443801739e-01
-5.342974915301e-01 -3.660330863246e-01 7.619356733087e-01
-9.426677190852e-01 3.242328211127e-01 7.906104671698e-02
-6.850390074701e-01 -5.264739397677e-01 -5.035342580101e-01
-3.310180207607e-01 -9.312366037818e-01 1.523990082269e-01
-5.336065077905e-01 -3.696806177252e-01 7.606578309082e-01
-9.426127574954e-01 3.254049974313e-01 7.478487182331e-02
-6.869116714698e-01 -5.231536559820e-01 -5.044428687484e-01
-3.298390273786e-01 -9.315537530189e-01 1.530157549220e-01
-5.332958059348e-01 -3.695959540120e-01 7.609168247255e-01
-9.425004504388e-01 3.257194164029e-01 7.483156219646e-02
-6.868279148733e-01 -5.231350752334e-01 -5.045761671060e-01
-3.298500927550e-01 -9.315466509947e-01 1.530351375670e-01
-5.333096853537e-01 -3.696138528035e-01 7.608984027607e-01
-9.425111448180e-01 3.256880573354e-01 7.483335621911e-02
-6.868355475248e-01 -5.231399392838e-01 -5.045607342853e-01
-3.298519498094e-01 -9.315464434185e-01 1.530323984041e-01
-5.333055770733e-01 -3.696105434115e-01 7.609028897708e-01
-9.425072129403e-01 3.257002247157e-01 7.482992166087e-02
-6.868325538724e-01 -5.231346637481e-01 -5.045702790754e-01
-3.298471488102e-01 -9.315470525064e-01 1.530390387724e-01
-5.333545309491e-01 -3.696269356604e-01 7.608606132206e-01
-9.425442571928e-01 3.255787898976e-01 7.489175389657e-02
-6.868838353074e-01 -5.231890873930e-01 -5.044440262568e-01
-3.301996341103e-01 -9.313932474450e-01 1.532149478584e-01
-5.334870763989e-01 -3.705893860830e-01 7.602993135851e-01
-9.430287698854e-01 3.243792905407e-01 7.399199305878e-02
-6.873942996636e-01 -5.225232976382e-01 -5.044387774699e-01
-3.230109685759e-01 -9.347488372119e-01 1.480152880977e-01
-4.998515432147e-01 -3.536155470444e-01 7.906354910035e-01
-9.109974516728e-01 4.111217945794e-01 3.259621247105e-02
-6.637230137002e-01 -4.685366830839e-01 -5.830481435434e-01
-1.698310288250e-01 -9.782962030597e-01 1.187179882209e-01
7.221667495789e-01 -6.912131816107e-01 -2.644850412209e-02
3.601094566786e-01 1.660634583804e-01 -9.180109514605e-01
1.110521075737e-01 9.886134381881e-01 -1.015425981421e-01
6.508071830725e-01 4.777579445896e-01 5.900825000310e-01
8.535764194606e-01 -5.192792936658e-01 -4.190836802936e-02
4.825852355240e-01 2.986047767175e-01 -8.233751743742e-01
1.699729212792e-01 9.757698597547e-01 -1.377765830107e-01
6.550914529523e-01 4.754528289360e-01 5.871965562958e-01
8.593901430847e-01 -5.095519007632e-01 -4.249049773153e-02
4.842839193707e-01 3.045509772606e-01 -8.201937500911e-01
1.715940668018e-01 9.752911567507e-01 -1.391496884737e-01
6.549914538798e-01 4.752809297424e-01 5.874472173460e-01
8.593146509204e-01 -5.096854203055e-01 -4.241583479710e-02
4.842091487035e-01 3.045014200440e-01 -8.202562925714e-01
1.715988579469e-01 9.752916885658e-01 -1.391400523420e-01
6.549975571369e-01 4.752871010678e-01 5.874354191767e-01
8.593219934558e-01 -5.096727243941e-01 -4.241963663020e-02
4.842167823785e-01 3.045059740682e-01 -8.202500956536e-01
1.715999674957e-01 9.752912866906e-01 -1.391415008573e-01
6.549957242033e-01 4.752864096888e-01 5.874380222973e-01
8.593201233426e-01 -5.096759253051e-01 -4.241906155106e-02
4.842135991246e-01 3.045044391640e-01 -8.202525446179e-01
1.716077886393e-01 9.752907728169e-01 -1.391354567914e-01
6.550160388172e-01 4.753070759844e-01 5.873986486292e-01
8.593545737217e-01 -5.096170778572e-01 -4.242818143562e-02
4.842689515114e-01 3.045406473376e-01 -8.202064232382e-01
1.715780867995e-01 9.752831464460e-01 -1.392255162984e-01
6.554256466160e-01 4.748759139270e-01 5.872904631697e-01
8.595423685431e-01 -5.093400299471e-01 -4.194818914783e-02
4.837841300692e-01 3.058227994297e-01 -8.200154454900e-01
1.674912129902e-01 9.755507801197e-01 -1.422932499418e-01
6.443397025323e-01 4.653942068096e-01 6.068233515684e-01
8.465392999219e-01 -5.314186863118e-01 -3.107078252046e-02
4.504440574907e-01 3.133961410034e-01 -8.359922307507e-01
1.332729379550e-01 9.793783687419e-01 -1.518431257888e-01
5.272806090228e-01 4.280243580167e-01 7.340097467288e-01
-3.279201402916e-01 -1.396945601675e-01 9.343199727346e-01
-6.720162516374e-01 7.404443690680e-01 1.167449573493e-02
-5.266814961470e-01 -3.974275742948e-01 -7.514372394328e-01
-1.577596541580e-01 -9.774158327766e-01 1.406064769407e-01
-4.152883723041e-01 -2.238212021564e-01 8.817253752129e-01
-7.763792539300e-01 6.299820963328e-01 1.891592892720e-02
-6.049642844188e-01 -4.155307005029e-01 -6.792293070218e-01
-1.738598755936e-01 -9.748765780176e-01 1.392422396091e-01
-4.181966848061e-01 -2.262129336769e-01 8.797381664191e-01
-7.786052448277e-01 6.272445855454e-01 1.838756728976e-02
-6.071229916015e-01 -4.152043532163e-01 -6.775005668921e-01
-1.740323559065e-01 -9.748260677196e-01 1.393803314390e-01
-4.182370441042e-01 -2.262852739169e-01 8.797003749842e-01
-7.786426938939e-01 6.271985046192e-01 1.837365094325e-02
-6.071542025870e-01 -4.152031256852e-01 -6.774733490715e-01
-1.740397239137e-01 -9.748247133535e-01 1.393806038703e-01
-4.182384886174e-01 -2.262865104223e-01 8.796993701487e-01
-7.786437308311e-01 6.271972223497e-01 1.837347855461e-02
-6.071551916349e-01 -4.152028714296e-01 -6.774726185075e-01
-1.740393694030e-01 -9.748247660635e-01 1.393806778826e-01
-4.182405933477e-01 -2.262876237167e-01 8.796980831108e-01
-7.786475225005e-01 6.271924328333e-01 1.837628636276e-02
-6.071562197325e-01 -4.152087545006e-01 -6.774680915188e-01
-1.740549171898e-01 -9.748216403200e-01 1.393831243939e-01
-4.182265183642e-01 -2.262846164294e-01 8.797055482969e-01
-7.786249005985e-01 6.272211296927e-01 1.835534350113e-02
-6.071275084995e-01 -4.152157728309e-01 -6.774895205209e-01
-1.738844666535e-01 -9.748559630763e-01 1.393558162088e-01
-4.172621550840e-01 -2.256384658326e-01 8.803292433353e-01
-7.768478715445e-01 6.294585476123e-01 1.700944780641e-02
-6.064914064930e-01 -4.127662663701e-01 -6.795529289150e-01
-1.641674526540e-01 -9.768228462735e-01 1.373541935551e-01
-4.056620523055e-01 -2.145726037504e-01 8.884801050328e-01
-7.548049798830e-01 6.559452984064e-01 2.282069733455e-03
-5.954263982437e-01 -3.825669414388e-01 -7.064771330997e-01
-7.337994368398e-02 -9.902304631575e-01 1.185707118132e-01
7.124249726104e-01 -7.015498495617e-01 -1.668732995447e-02
3.178804162454e-01 1.834915077768e-01 -9.302058414896e-01
1.043437203166e-01 9.889219306279e-01 -1.055736858958e-01
5.941475996555e-01 4.890818258468e-01 6.385824907167e-01
8.245529782083e-01 -5.649282125092e-01 -3.112074611811e-02
4.139393934107e-01 3.044775109447e-01 -8.578738974416e-01
1.585903231640e-01 9.777731096359e-01 -1.371453807889e-01
5.974929149743e-01 4.894613599366e-01 6.351612343999e-01
8.303975404068e-01 -5.561783061701e-01 -3.325081400600e-02
4.167207133206e-01 3.086631698085e-01 -8.550268385807e-01
1.600561513316e-01 9.774157207641e-01 -1.379874531403e-01
5.975380753467e-01 4.894941519685e-01 6.350934763478e-01
8.304759587261e-01 -5.560587675119e-01 -3.329157628001e-02
4.167611121360e-01 3.087172615988e-01 -8.549876185081e-01
1.600829098532e-01 9.774094605302e-01 -1.380007552116e-01
5.975391454918e-01 4.894957051273e-01 6.350912723908e-01
8.304786039585e-01 -5.560547231078e-01 -3.329314158689e-02
4.167623734113e-01 3.087190921599e-01 -8.549863427240e-01
1.600835310791e-01 9.774093333397e-01 -1.380009354233e-01
5.975394885564e-01 4.894960334555e-01 6.350906965521e-01
8.304785898325e-01 -5.560546994537e-01 -3.329388900687e-02
4.167638872953e-01 3.087172999448e-01 -8.549862519137e-01
1.600815123134e-01 9.774095481486e-01 -1.380017557982e-01
5.975349026990e-01 4.894910605723e-01 6.350988440206e-01
8.304703881682e-01 -5.560670190132e-01 -3.329271303833e-02
4.167504152028e-01 3.087082402652e-01 -8.549960899446e-01
1.600244480888e-01 9.774134396222e-01 -1.380403711227e-01
5.973191126616e-01 4.893694790290e-01 6.353954600437e-01
8.304125640280e-01 -5.561736599490e-01 -3.295198754721e-02
4.158787508798e-01 3.095453353539e-01 -8.551178573316e-01
1.591965226231e-01 9.774689724181e-01 -1.386033013479e-01
5.931181896179e-01 4.882853936006e-01 6.401470046331e-01
8.277437077274e-01 -5.603754293374e-01 -2.863097121259e-02
4.016147932078e-01 3.192587750171e-01 -8.583585453942e-01
1.274734728179e-01 9.799187818472e-01 -1.533287145670e-01
5.029679090442e-01 4.263280236897e-01 7.518428683498e-01
-3.292188080815e-01 -1.403094798008e-01 9.337709710006e-01
-6.727375800644e-01 7.398255025857e-01 9.076017452046e-03
-5.293713778055e-01 -3.907955331679e-01 -7.530237682944e-01
-1.443872609690e-01 -9.795679088745e-01 1.399965384324e-01
-4.149249116704e-01 -2.184003567677e-01 8.832545509869e-01
-7.733635245061e-01 6.337173185081e-01 1.764140545405e-02
-6.055825797395e-01 -4.094307677256e-01 -6.823753992896e-01
-1.599497564273e-01 -9.774421338878e-01 1.379237119558e-01
-4.179778813866e-01 -2.197018438426e-01 8.814905504223e-01
-7.752406815344e-01 6.314245664459e-01 1.746145992284e-02
-6.075333498863e-01 -4.092634772553e-01 -6.807397703681e-01
-1.601960141346e-01 -9.773888578327e-01 1.380154253693e-01
-4.180437127218e-01 -2.197554523198e-01 8.814459685253e-01
-7.752871151244e-01 6.313675975708e-01 1.745983561971e-02
-6.075657516072e-01 -4.092739013115e-01 -6.807045843678e-01
-1.602032355623e-01 -9.773880144237e-01 1.380130159671e-01
-4.180457809117e-01 -2.197537255027e-01 8.814454181568e-01
-7.752874343556e-01 6.313671892198e-01 1.746042688313e-02
-6.075663059002e-01 -4.092741448764e-01 -6.807039431871e-01
-1.602031868322e-01 -9.773880395901e-01 1.380128943070e-01
-4.180449996111e-01 -2.197534539278e-01 8.814458564126e-01
-7.752861600408e-01 6.313687863096e-01 1.745925895082e-02
-6.075661208684e-01 -4.092717063279e-01 -6.807055745125e-01
-1.601971358995e-01 -9.773890357959e-01 1.380128630074e-01
-4.180386465922e-01 -2.197490681532e-01 8.814499628460e-01
-7.752744561254e-01 6.313834050104e-01 1.745031681602e-02
-6.075646971422e-01 -4.092560528882e-01 -6.807162565717e-01
-1.601313728029e-01 -9.773987752567e-01 1.380202071108e-01
-4.179140366969e-01 -2.196231845645e-01 8.815404214972e-01
-7.750134505792e-01 6.317100646091e-01 1.722050210912e-02
-6.073460457049e-01 -4.090326941655e-01 -6.810455461056e-01
-1.563915311394e-01 -9.782125661840e-01 1.365352128482e-01
-4.069508165578e-01 -2.107883772783e-01 8.887965419078e-01
-7.544690333644e-01 6.563267630331e-01 3.414355086014e-03
-5.958838533387e-01 -3.827076643350e-01 -7.060150685286e-01
-7.154576192072e-02 -9.903348861001e-01 1.188192632711e-01
7.139164979133e-01 -7.000619411584e-01 -1.537896448536e-02
3.168797920525e-01 1.886334693397e-01 -9.295184837504e-01
1.052036440557e-01 9.887323020732e-01 -1.064923852416e-01
5.931962047049e-01 4.909645344124e-01 6.380220126868e-01
8.253075480502e-01 -5.638326885127e-01 -3.098629529214e-02
4.125814795541e-01 3.075655983231e-01 -8.574263382106e-01
1.592927484761e-01 9.776402677315e-01 -1.372782837629e-01
5.960734094824e-01 4.921470048265e-01 6.344192747295e-01
8.311398471489e-01 -5.550556712783e-01 -3.346275934773e-02
4.154225931424e-01 3.115321684614e-01 -8.546179129415e-01
1.607377443571e-01 9.772940152262e-01 -1.380571814215e-01
5.961067941464e-01 4.922135081127e-01 6.343363085965e-01
8.312217053664e-01 -5.549297276259e-01 -3.351826255758e-02
4.154704833716e-01 3.115806131583e-01 -8.545769707586e-01
1.607645847205e-01 9.772879584299e-01 -1.380688038901e-01
5.961069714554e-01 4.922169308934e-01 6.343334860498e-01
8.312244505530e-01 -5.549254718986e-01 -3.352064201296e-02
4.154719568466e-01 3.115820310648e-01 -8.545757374227e-01
1.607650203377e-01 9.772878518558e-01 -1.380690510247e-01
5.961069287752e-01 4.922167140345e-01 6.343336944317e-01
8.312245205612e-01 -5.549253916851e-01 -3.352023390441e-02
4.154711439163e-01 3.115831320637e-01 -8.545757312177e-01
1.607647534666e-01 9.772878253758e-01 -1.380695491956e-01
5.961057689634e-01 4.922158803078e-01 6.343354312833e-01
8.312243404609e-01 -5.549258048592e-01 -3.351785981655e-02
4.154655011837e-01 3.115893537470e-01 -8.545762060564e-01
1.607537619036e-01 9.772891464174e-01 -1.380729963772e-01
5.960483782948e-01 4.922108073774e-01 6.343932942844e-01
8.311754521930e-01 -5.550010650083e-01 -3.348410834212e-02
4.152885399370e-01 3.116574032124e-01 -8.546374035928e-01
1.598124087361e-01 9.773720287672e-01 -1.385781779265e-01
5.923055042076e-01 4.905442985676e-01 6.391717146654e-01
8.282611550165e-01 -5.595634234503e-01 -2.953361182396e-02
4.022156394756e-01 3.194576977684e-01 -8.580031227785e-01
1.276816079600e-01 9.798851945028e-01 -1.533701815311e-01
5.039368672415e-01 4.263436526487e-01 7.511848798272e-01
-3.295429492216e-01 -1.404022030204e-01 9.336426864734e-01
-6.732260030469e-01 7.393793177563e-01 9.218096100856e-03
-5.295567425123e-01 -3.910719034112e-01 -7.527499072216e-01
-1.449399339566e-01 -9.794734617269e-01 1.400862352886e-01
-4.152386969959e-01 -2.186508308661e-01 8.830450943631e-01
-7.738218283941e-01 6.331540869044e-01 1.776738971182e-02
-6.058130366849e-01 -4.096353791016e-01 -6.820479607556e-01
-1.605120960099e-01 -9.773420915938e-01 1.379793572733e-01
-4.182682410573e-01 -2.199558632201e-01 8.812894511782e-01
-7.756818629432e-01 6.308791766225e-01 1.758158141516e-02
-6.077595920539e-01 -4.094565979600e-01 -6.804216138935e-01
-1.607577470269e-01 -9.772887153031e-01 1.380714080177e-01
-4.183330472303e-01 -2.200110092568e-01 8.812449247518e-01
-7.757282038196e-01 6.308222519808e-01 1.757953937635e-02
-6.077920709330e-01 -4.094666005710e-01 -6.803865824132e-01
-1.607650106942e-01 -9.772878581404e-01 1.380690177693e-01
-4.183350806156e-01 -2.200093615634e-01 8.812443708478e-01
-7.757285192105e-01 6.308218479463e-01 1.758012050831e-02
-6.077926291146e-01 -4.094668627900e-01 -6.803859259794e-01
-1.607651296973e-01 -9.772878382464e-01 1.380690200189e-01
-4.183351221895e-01 -2.200093271906e-01 8.812443596936e-01
-7.757284962194e-01 6.308218786308e-01 1.758003395756e-02
-6.077926837900e-01 -4.094666868103e-01 -6.803859830448e-01
-1.607642853459e-01 -9.772879784695e-01 1.380690106298e-01
-4.183303892958e-01 -2.200081613185e-01 8.812468974952e-01
-7.757211386363e-01 6.308311690507e-01 1.757131830156e-02
-6.077901734982e-01 -4.094514636612e-01 -6.803973867563e-01
-1.606914956335e-01 -9.773021980701e-01 1.380530944180e-01
-4.181284622622e-01 -2.198703316596e-01 8.813771192300e-01
-7.753624925139e-01 6.312794271732e-01 1.730000088295e-02
-6.075203589079e-01 -4.091654529532e-01 -6.808102860724e-01
-1.567686642984e-01 -9.781541550128e-01 1.365211885583e-01
-4.070115598122e-01 -2.109332087902e-01 8.887343650432e-01
-7.546059969114e-01 6.561689520709e-01 3.477896417360e-03
-5.958837519867e-01 -3.829216008998e-01 -7.058991441294e-01
-7.205405148016e-02 -9.902850239161e-01 1.189276463771e-01
7.139467968287e-01 -7.000293411702e-01 -1.545615731306e-02
3.169999176450e-01 1.885692315723e-01 -9.294905578419e-01
1.052171737968e-01 9.887337926332e-01 -1.064651757305e-01
5.932810773199e-01 4.909923911218e-01 6.379216528342e-01
8.253634626708e-01 -5.637494256588e-01 -3.101192605024e-02
4.126909672108e-01 3.075893295099e-01 -8.573651322245e-01
1.593163006761e-01 9.776362752803e-01 -1.372793851785e-01
5.961570808349e-01 4.921578306929e-01 6.343322509994e-01
8.311907842285e-01 -5.549784169836e-01 -3.347890225026e-02
4.155245451748e-01 3.115590706010e-01 -8.545585397640e-01
1.607609785934e-01 9.772898764117e-01 -1.380594264253e-01
5.961907134534e-01 4.922230390244e-01 6.342500398467e-01
8.312723842301e-01 -5.548528723820e-01 -3.353376247625e-02
4.155720994149e-01 3.116077171093e-01 -8.545176773045e-01
1.607878187661e-01 9.772838097823e-01 -1.380711138284e-01
5.961909136468e-01 4.922264051715e-01 6.342472392821e-01
8.312751244423e-01 -5.548486240217e-01 -3.353612834990e-02
4.155735839573e-01 3.116091136106e-01 -8.545164460862e-01
1.607883203042e-01 9.772837030092e-01 -1.380712855246e-01
5.961909234090e-01 4.922264548005e-01 6.342471915896e-01
8.312751936173e-01 -5.548485212481e-01 -3.353611404674e-02
4.155735130310e-01 3.116093433757e-01 -8.545163967930e-01
1.607877956316e-01 9.772837136242e-01 -1.380718213857e-01
5.961904409511e-01 4.922244462321e-01 6.342492039018e-01
8.312746348328e-01 -5.548495573720e-01 -3.353282224453e-02
4.155662266076e-01 3.116167620280e-01 -8.545172350083e-01
1.607695584182e-01 9.772851084838e-01 -1.380831844278e-01
5.961261563087e-01 4.921899546066e-01 6.343363889522e-01
8.312117617450e-01 -5.549468428075e-01 -3.348146942503e-02
4.153566322770e-01 3.116893060551e-01 -8.545926775455e-01
1.598160758009e-01 9.773689830328e-01 -1.385954289326e-01
5.923375290028e-01 4.905044395067e-01 6.391726265721e-01
8.282438990565e-01 -5.595879583259e-01 -2.955267453858e-02
4.022776524009e-01 3.193454085439e-01 -8.580158509146e-01
1.276946214241e-01 9.798920492044e-01 -1.533155424782e-01
5.039522199621e-01 4.264673257088e-01 7.511043736380e-01
-3.295357782349e-01 -1.404084091941e-01 9.336442842382e-01
-6.732227058858e-01 7.393823193571e-01 9.218139824020e-03
-5.295532142044e-01 -3.910768635983e-01 -7.527498124104e-01
-1.449639177141e-01 -9.794696529490e-01 1.400880491440e-01
-4.152395613017e-01 -2.186603135977e-01 8.830423398611e-01
-7.738275773381e-01 6.331470137844e-01 1.776905982047e-02
-6.058129946691e-01 -4.096438371960e-01 -6.820429181051e-01
-1.605352598351e-01 -9.773379662799e-01 1.379816292757e-01
-4.182691807055e-01 -2.199654244208e-01 8.812866188314e-01
-7.756877141100e-01 6.308719391465e-01 1.758313329296e-02
-6.077596002787e-01 -4.094650808595e-01 -6.804165017295e-01
-1.607807708619e-01 -9.772846004647e-01 1.380737245665e-01
-4.183340131402e-01 -2.200205665401e-01 8.812420801059e-01
-7.757340786184e-01 6.308149833071e-01 1.758112923722e-02
-6.077920795815e-01 -4.094751661171e-01 -6.803814197429e-01
-1.607880478746e-01 -9.772837430161e-01 1.380713196035e-01
-4.183360735465e-01 -2.200189415348e-01 8.812415077240e-01
-7.757344194124e-01 6.308145478908e-01 1.758171516618e-02
-6.077926540464e-01 -4.094754419107e-01 -6.803807405852e-01
-1.607881536094e-01 -9.772837308214e-01 1.380712827882e-01
-4.183359781395e-01 -2.200188586652e-01 8.812415737048e-01
-7.757341969436e-01 6.308148271784e-01 1.758151029409e-02
-6.077925801252e-01 -4.094751358548e-01 -6.803809908142e-01
-1.607866203496e-01 -9.772840004847e-01 1.380711595997e-01
-4.183301752067e-01 -2.200162072947e-01 8.812449903626e-01
-7.757244280304e-01 6.308271098382e-01 1.757183115466e-02
-6.077890239066e-01 -4.094579625734e-01 -6.803945026996e-01
-1.607058729838e-01 -9.772995254382e-01 1.380552786629e-01
-4.181267678963e-01 -2.198740171134e-01 8.813770036523e-01
-7.753613367936e-01 6.312808998098e-01 1.729806176983e-02
-6.075190635468e-01 -4.091636609500e-01 -6.808125189692e-01
-1.567600263653e-01 -9.781558179238e-01 1.365191927741e-01
-4.070063929702e-01 -2.109378939821e-01 8.887356192726e-01
-7.546040157391e-01 6.561712578364e-01 3.472725120527e-03
-5.958862136923e-01 -3.829122021097e-01 -7.059021644724e-01
-7.206199145618e-02 -9.902845202356e-01 1.189270295983e-01
7.139446478013e-01 -7.000315755164e-01 -1.545422776795e-02
3.169989843966e-01 1.885654019032e-01 -9.294916530538e-01
1.052167233104e-01 9.887338602772e-01 -1.064649927307e-01
5.932828594745e-01 4.909890430928e-01 6.379225722739e-01
8.253626101072e-01 -5.637506841208e-01 -3.101173955630e-02
4.126927453897e-01 3.075856429580e-01 -8.573655988835e-01
1.593159165482e-01 9.776363545141e-01 -1.372792667038e-01
5.961592006973e-01 4.921542418288e-01 6.343330431831e-01
8.311900915104e-01 -5.549794642373e-01 -3.347874026667e-02
4.155264773840e-01 3.115554112355e-01 -8.545589343765e-01
1.607603581793e-01 9.772899917395e-01 -1.380593324763e-01
5.961929021366e-01 4.922194546950e-01 6.342507641790e-01
8.312717857633e-01 -5.548537799434e-01 -3.353358132251e-02
4.155741752320e-01 3.116040273041e-01 -8.545180132964e-01
1.607872541773e-01 9.772839124910e-01 -1.380710443229e-01
5.961931646062e-01 4.922228338316e-01 6.342478950155e-01
8.312745931072e-01 -5.548494296185e-01 -3.353597033795e-02
4.155757083476e-01 3.116054462086e-01 -8.545167502890e-01
1.607877085636e-01 9.772838106458e-01 -1.380712360503e-01
5.961931516381e-01 4.922228397259e-01 6.342479026312e-01
8.312746224457e-01 -5.548493883693e-01 -3.353592557168e-02
4.155755661300e-01 3.116056512114e-01 -8.545167446978e-01
1.607871702393e-01 9.772838292439e-01 -1.380717313021e-01
5.961921682091e-01 4.922211043512e-01 6.342501738252e-01
8.312739608565e-01 -5.548505807240e-01 -3.353259715795e-02
4.155677144870e-01 3.116133204444e-01 -8.545177664611e-01
1.607691111349e-01 9.772852262753e-01 -1.380828715263e-01
5.961269441575e-01 4.921879578262e-01 6.343371978848e-01
8.312117673206e-01 -5.549468871897e-01 -3.348059536737e-02
4.153561030168e-01 3.116898274113e-01 -8.545927446304e-01
1.598155877204e-01 9.773688855502e-01 -1.385966791805e-01
5.923399382703e-01 4.904995171144e-01 6.391741712870e-01
8.282445242951e-01 -5.595872346657e-01 -2.954885402752e-02
4.022736136948e-01 3.193520876800e-01 -8.580152585003e-01
1.276940051669e-01 9.798916292940e-01 -1.533187395069e-01
5.039531205485e-01 4.264604203900e-01 7.511076901019e-01
-3.295345709346e-01 -1.404144411009e-01 9.336438032190e-01
-6.732245561944e-01 7.393806470248e-01 9.217143913477e-03
-5.295535257867e-01 -3.910783122897e-01 -7.527488405726e-01
-1.449637599194e-01 -9.794697409933e-01 1.400875968404e-01
-4.152404319227e-01 -2.186604699325e-01 8.830418917501e-01
-7.738281853159e-01 6.331462303227e-01 1.777049911817e-02
-6.058120135285e-01 -4.096475088136e-01 -6.820415843534e-01
-1.605352222040e-01 -9.773380709461e-01 1.379809316944e-01
-4.182679313544e-01 -2.199660935836e-01 8.812870447670e-01
-7.756876927962e-01 6.308719463386e-01 1.758381549844e-02
-6.077572440777e-01 -4.094681507987e-01 -6.804167588711e-01
-1.607806538216e-01 -9.772846178587e-01 1.380737377397e-01
-4.183308638614e-01 -2.200233904734e-01 8.812428700339e-01
-7.757342952197e-01 6.308147085156e-01 1.758143169237e-02
-6.077887634113e-01 -4.094789197656e-01 -6.803821230298e-01
-1.607879926448e-01 -9.772837664520e-01 1.380712180387e-01
-4.183324297902e-01 -2.200220469846e-01 8.812424621105e-01
-7.757345459270e-01 6.308143894677e-01 1.758181719660e-02
-6.077891506591e-01 -4.094789900124e-01 -6.803817348221e-01
-1.607880440590e-01 -9.772837524860e-01 1.380712570183e-01
-4.183322642793e-01 -2.200221043275e-01 8.812425263628e-01
-7.757343456981e-01 6.308146432146e-01 1.758154743998e-02
-6.077891187409e-01 -4.094785972019e-01 -6.803819997426e-01
-1.607864988998e-01 -9.772840200527e-01 1.380711625257e-01
-4.183265488834e-01 -2.200195294929e-01 8.812458823399e-01
-7.757247322516e-01 6.308267330716e-01 1.757192690979e-02
-6.077856524203e-01 -4.094615265974e-01 -6.803953695820e-01
-1.607061258789e-01 -9.772994710512e-01 1.380553692834e-01
-4.181233359289e-01 -2.198772884204e-01 8.813778156889e-01
-7.753617816331e-01 6.312803479119e-01 1.729826358375e-02
-6.075156546399e-01 -4.091674957295e-01 -6.808132561913e-01
-1.567605189315e-01 -9.781556869062e-01 1.365195659139e-01
-4.070032962967e-01 -2.109413649911e-01 8.887362135861e-01
-7.546047552659e-01 6.561704072229e-01 3.472753229338e-03
-5.958836501066e-01 -3.829152749248e-01 -7.059026616786e-01
-7.206204765956e-02 -9.902844025239e-01 1.189279757039e-01
7.139402626278e-01 -7.000361596371e-01 -1.544916177498e-02
3.170010148235e-01 1.885637065702e-01 -9.294913045131e-01
1.052074598910e-01 9.887349173522e-01 -1.064643301388e-01
5.932846063239e-01 4.909893170904e-01 6.379207367708e-01
8.253633827471e-01 -5.637495204521e-01 -3.101232997293e-02
4.126969381397e-01 3.075816055824e-01 -8.573650291198e-01
1.593082840475e-01 9.776375860102e-01 -1.372793540701e-01
5.961589125325e-01 4.921505550434e-01 6.343361744206e-01
8.311835692690e-01 -5.549892039504e-01 -3.347921259166e-02
4.155261861751e-01 3.115471745290e-01 -8.545620788719e-01
1.607343965482e-01 9.772946026627e-01 -1.380569207707e-01
5.961920320917e-01 4.922104836696e-01 6.342585439993e-01
8.312602978485e-01 -5.548711711661e-01 -3.353059244352e-02
4.155721762909e-01 3.115923514640e-01 -8.545232429852e-01
1.607571052695e-01 9.772892718541e-01 -1.380682158365e-01
5.961920361439e-01 4.922126953737e-01 6.342568238116e-01
8.312617201832e-01 -5.548689517761e-01 -3.353205798932e-02
4.155728773349e-01 3.115932735920e-01 -8.545225658084e-01
1.607571825795e-01 9.772892601572e-01 -1.380682086161e-01
5.961920667802e-01 4.922125198921e-01 6.342569311957e-01
8.312617389335e-01 -5.548689283526e-01 -3.353198076693e-02
4.155726723818e-01 3.115935456818e-01 -8.545225662666e-01
1.607566526711e-01 9.772892789549e-01 -1.380686925479e-01
5.961911156646e-01 4.922107855497e-01 6.342591711526e-01
8.312611008930e-01 -5.548700843953e-01 -3.352866810984e-02
4.155648686735e-01 3.116012096590e-01 -8.545235667104e-01
1.607385986259e-01 9.772906778424e-01 -1.380798099437e-01
5.961258457097e-01 4.921777496341e-01 6.343461506481e-01
8.311988842543e-01 -5.549664153277e-01 -3.347674824044e-02
4.153533622043e-01 3.116775199776e-01 -8.545985654365e-01
1.597848480234e-01 9.773743438391e-01 -1.385936302550e-01
5.923392442651e-01 4.904894338990e-01 6.391825521218e-01
8.282324704560e-01 -5.596053086771e-01 -2.954443065708e-02
4.022715214986e-01 3.193414155046e-01 -8.580202114954e-01
1.276650421703e-01 9.798958151013e-01 -1.533161066379e-01
5.039573992695e-01 4.264524324501e-01 7.511093546075e-01
-3.294433316669e-01 -1.403893491708e-01 9.336797747941e-01
-6.731919165161e-01 7.394105175066e-01 9.204897504665e-03
-5.294891898414e-01 -3.910503981981e-01 -7.528085971282e-01
-1.449566855755e-01 -9.794682175979e-01 1.401055674218e-01
-4.151632040391e-01 -2.187018345547e-01 8.830679597711e-01
-7.738142341456e-01 6.331638641042e-01 1.774971059866e-02
-6.057632537434e-01 -4.096462564592e-01 -6.820856434372e-01
-1.605183086768e-01 -9.773430205721e-01 1.379655490274e-01
-4.181797797494e-01 -2.198957258169e-01 8.813464367524e-01
-7.756240805103e-01 6.309506481511e-01 1.756602773123e-02
-6.076817295778e-01 -4.094189654565e-01 -6.805137957910e-01
-1.607506076133e-01 -9.772901035331e-01 1.380698942136e-01
-4.182258089549e-01 -2.199498106306e-01 8.813110991742e-01
-7.756620859954e-01 6.309041242733e-01 1.755888163378e-02
-6.077078071736e-01 -4.094183772626e-01 -6.804908621428e-01
-1.607547345374e-01 -9.772896232235e-01 1.380684890314e-01
-4.182298319715e-01 -2.199427986870e-01 8.813109399950e-01
-7.756613689879e-01 6.309049281937e-01 1.756166964502e-02
-6.077083902172e-01 -4.094201640374e-01 -6.804892664394e-01
-1.607549548712e-01 -9.772896570821e-01 1.380679928325e-01
-4.182301698822e-01 -2.199421016379e-01 8.813109535955e-01
-7.756611076148e-01 6.309052495550e-01 1.756166899403e-02
-6.077083604532e-01 -4.094199262992e-01 -6.804894360564e-01
-1.607534429499e-01 -9.772899221354e-01 1.380678770474e-01
-4.182244120655e-01 -2.199395621887e-01 8.813143197161e-01
-7.756514634400e-01 6.309173764418e-01 1.755196191739e-02
-6.077049363591e-01 -4.094026661331e-01 -6.805028782363e-01
-1.606729987072e-01 -9.773053630653e-01 1.380522176938e-01
-4.180203110692e-01 -2.197977204707e-01 8.814465279355e-01
-7.752877791887e-01 6.313718132492e-01 1.727694634932e-02
-6.074349655682e-01 -4.091058720601e-01 -6.809222775406e-01
-1.567275495505e-01 -9.781610054991e-01 1.365193119410e-01
-4.068902328175e-01 -2.108692525604e-01 8.888050949237e-01
-7.545293551383e-01 6.562572471342e-01 3.446421087221e-03
-5.957893070020e-01 -3.828518453078e-01 -7.060166897507e-01
-7.204035667144e-02 -9.902847111789e-01 1.189385463841e-01
7.135115290490e-01 -7.004744067879e-01 -1.539166492849e-02
3.168022905570e-01 1.884059881479e-01 -9.295910349868e-01
1.048192965505e-01 9.887827975502e-01 -1.064025109638e-01
5.932223149282e-01 4.908267811695e-01 6.381037188091e-01
8.251539188940e-01 -5.640614859136e-01 -3.091359317247e-02
4.125628571200e-01 3.074545417153e-01 -8.574751271632e-01
1.590984408258e-01 9.776711097108e-01 -1.372839661561e-01
5.959668545682e-01 4.920615237374e-01 6.345856641253e-01
8.308350016970e-01 -5.555171643729e-01 -3.337484145545e-02
4.152635933889e-01 3.113981811604e-01 -8.547440089148e-01
1.604648475372e-01 9.773424162591e-01 -1.380320038461e-01
5.959685915141e-01 4.921051328758e-01 6.345502156063e-01
8.308795035203e-01 -5.554485182641e-01 -3.340949248324e-02
4.152815743954e-01 3.114385453565e-01 -8.547205662870e-01
1.605167533290e-01 9.773322597980e-01 -1.380435650759e-01
5.959650504417e-01 4.921179340630e-01 6.345436136513e-01
8.308888164915e-01 -5.554340769475e-01 -3.341797113486e-02
4.152873758284e-01 3.114413551039e-01 -8.547167237211e-01
1.605198510446e-01 9.773316136512e-01 -1.380445376627e-01
5.959650664498e-01 4.921189169307e-01 6.345428363558e-01
8.308891656215e-01 -5.554335352144e-01 -3.341829457039e-02
4.152874531136e-01 3.114417033400e-01 -8.547165592798e-01
1.605192494535e-01 9.773316422841e-01 -1.380450344819e-01
5.959641273659e-01 4.921171077035e-01 6.345451214835e-01
8.308884931615e-01 -5.554347443558e-01 -3.341491724194e-02
4.152795304827e-01 3.114495293776e-01 -8.547175569816e-01
1.605011920955e-01 9.773330298372e-01 -1.380562063982e-01
5.958986546616e-01 4.920829520249e-01 6.346330921871e-01
8.308248811997e-01 -5.555330409254e-01 -3.336251219001e-02
4.150653239483e-01 3.115273136112e-01 -8.547932555478e-01
1.595434357693e-01 9.774171084845e-01 -1.385701560394e-01
5.921015498920e-01 4.903717806469e-01 6.394929799151e-01
8.278121718757e-01 -5.602325882428e-01 -2.943561049609e-02
4.019550587290e-01 3.191517077032e-01 -8.582390798794e-01
1.273661747064e-01 9.799457828634e-01 -1.532452941819e-01
5.037791948133e-01 4.263209505630e-01 7.513035138906e-01
-3.304118008513e-01 -1.368122043652e-01 9.338685467425e-01
-6.719670080119e-01 7.405173528007e-01 9.715469340195e-03
-5.296039893654e-01 -3.899890917803e-01 -7.532782505426e-01
-1.446322458263e-01 -9.795093865066e-01 1.401530421102e-01
-4.159122251953e-01 -2.179343905816e-01 8.829052170731e-01
-7.734368263104e-01 6.336417044468e-01 1.713668849474e-02
-6.073797101189e-01 -4.072334170567e-01 -6.820929788293e-01
-1.600299218946e-01 -9.774425468745e-01 1.378277608390e-01
-4.202646351758e-01 -2.172903141265e-01 8.810008829776e-01
-7.750231107874e-01 6.316939517778e-01 1.737610522400e-02
-6.098096415869e-01 -4.066198263318e-01 -6.802885548513e-01
-1.602417548223e-01 -9.773810230226e-01 1.380178098900e-01
-4.206212240051e-01 -2.172590552670e-01 8.808384010822e-01
-7.751362118427e-01 6.315536459065e-01 1.743116268092e-02
-6.099846212481e-01 -4.066678178532e-01 -6.801029685006e-01
-1.602710531334e-01 -9.773759017031e-01 1.380200575917e-01
-4.206067962614e-01 -2.172932287542e-01 8.808368609886e-01
-7.751437135442e-01 6.315447130976e-01 1.742121440611e-02
-6.099811505174e-01 -4.066666710786e-01 -6.801067670942e-01
-1.602710499932e-01 -9.773759524507e-01 1.380197018731e-01
-4.206067283567e-01 -2.172922717459e-01 8.808371294970e-01
-7.751432228093e-01 6.315453143567e-01 1.742125273742e-02
-6.099809591684e-01 -4.066664467502e-01 -6.801070728493e-01
-1.602694699137e-01 -9.773762552916e-01 1.380193921366e-01
-4.206016433223e-01 -2.172887950601e-01 8.808404152716e-01
-7.751340845556e-01 6.315567403514e-01 1.741363479492e-02
-6.099754582279e-01 -4.066545049773e-01 -6.801191468715e-01
-1.601876207315e-01 -9.773928202920e-01 1.379971050642e-01
-4.204106120180e-01 -2.171235289896e-01 8.809723551064e-01
-7.747727703278e-01 6.320065033992e-01 1.717364316914e-02
-6.096658322698e-01 -4.064466089507e-01 -6.805209232899e-01
-1.561801673546e-01 -9.782734746250e-01 1.363406181963e-01
-4.091674285302e-01 -2.077796423177e-01 8.884872737796e-01
-7.538227277268e-01 6.570678546700e-01 3.623468221417e-03
-5.973452008355e-01 -3.808866362613e-01 -7.057648909916e-01
-7.139733543278e-02 -9.903908672951e-01 1.184413376805e-01
7.168740267089e-01 -6.969651997106e-01 -1.819725865628e-02
3.162374459670e-01 1.905051381358e-01 -9.293555133059e-01
1.119834125193e-01 9.879434673933e-01 -1.068991139134e-01
5.937334143440e-01 4.936216871506e-01 6.354669642602e-01
8.303091381098e-01 -5.564372646506e-01 -3.105327163969e-02
4.129905511923e-01 3.137301082225e-01 -8.549925285174e-01
1.759654615720e-01 9.745421926573e-01 -1.389376517163e-01
5.961147793796e-01 4.987878649819e-01 6.291723416935e-01
8.379853465023e-01 -5.445599214108e-01 -3.514329296535e-02
4.165031918648e-01 3.196267145084e-01 -8.510956788393e-01
1.803002224782e-01 9.736023783100e-01 -1.399651339563e-01
5.963900584527e-01 4.995199167522e-01 6.283301289503e-01
8.388465811176e-01 -5.431831596964e-01 -3.589524159856e-02
4.169748141119e-01 3.200285122065e-01 -8.507136743765e-01
1.801976651558e-01 9.736187608826e-01 -1.399832487473e-01
5.963994984372e-01 4.994535218532e-01 6.283739474010e-01
8.388064544018e-01 -5.432476422934e-01 -3.585709408859e-02
4.169532498785e-01 3.200089496389e-01 -8.507316025438e-01
1.801948117147e-01 9.736195919377e-01 -1.399811416802e-01
5.963987890419e-01 4.994546308523e-01 6.283737392265e-01
8.388065461998e-01 -5.432474882248e-01 -3.585728084733e-02
4.169531577544e-01 3.200091604392e-01 -8.507315684008e-01
1.801946196907e-01 9.736195826382e-01 -1.399814535497e-01
5.963972428993e-01 4.994537303861e-01 6.283759224107e-01
8.388052066245e-01 -5.432496595197e-01 -3.585572159852e-02
4.169472353841e-01 3.200118906511e-01 -8.507334440043e-01
1.801807826374e-01 9.736214674878e-01 -1.399861550832e-01
5.963230656773e-01 4.994458184347e-01 6.284526042506e-01
8.387445127398e-01 -5.433444849217e-01 -3.583870887954e-02
4.167718917125e-01 3.200211784007e-01 -8.508158647166e-01
1.792599216746e-01 9.737263725832e-01 -1.404379999045e-01
5.920368047757e-01 4.977658896568e-01 6.338150683639e-01
8.348501201548e-01 -5.495201938780e-01 -3.244739431366e-02
4.033633646810e-01 3.260043517478e-01 -8.549965840135e-01
1.441365397494e-01 9.773792983357e-01 -1.547719777408e-01
5.019253900073e-01 4.315977091860e-01 7.495293992175e-01
-3.771449765894e-01 -1.453988571776e-01 9.146697977767e-01
-6.924316138368e-01 7.212866669222e-01 1.685242652179e-02
-5.619870391237e-01 -4.016919015842e-01 -7.230589077375e-01
-1.577247120376e-01 -9.769114431061e-01 1.441074166757e-01
-4.674491567002e-01 -2.515495936612e-01 8.474751251979e-01
-8.114384942737e-01 5.839537605796e-01 2.378183163354e-02
-6.584982655029e-01 -4.158544566546e-01 -6.272520268681e-01
-1.780961195560e-01 -9.737295821971e-01 1.418889458464e-01
-4.844770023985e-01 -2.475235712242e-01 8.390554903196e-01
-8.182593726410e-01 5.740924838317e-01 2.948591346928e-02
-6.614354190608e-01 -4.238144392415e-01 -6.187766216514e-01
-1.803032878517e-01 -9.736061250513e-01 1.399351194393e-01
-4.840971736592e-01 -2.466346898315e-01 8.395363340719e-01
-8.177871087689e-01 5.747648134311e-01 2.948989611482e-02
-6.610656034318e-01 -4.236458097706e-01 -6.192870867564e-01
-1.802014278730e-01 -9.736184025404e-01 1.399808973651e-01
-4.840906791370e-01 -2.466579285063e-01 8.395332516808e-01
-8.177916090707e-01 5.747586903911e-01 2.948443578487e-02
-6.610757550454e-01 -4.236403110805e-01 -6.192800117223e-01
-1.802018672692e-01 -9.736181645972e-01 1.399819866954e-01
-4.840922745595e-01 -2.466572638538e-01 8.395325270053e-01
-8.177919152107e-01 5.747582229234e-01 2.948505719645e-02
-6.610752818535e-01 -4.236413797810e-01 -6.192797857669e-01
-1.802003224057e-01 -9.736185116748e-01 1.399815613894e-01
-4.840849389899e-01 -2.466554690389e-01 8.395372841252e-01
-8.177848479460e-01 5.747686105002e-01 2.947858296358e-02
-6.610737746866e-01 -4.236287016180e-01 -6.192900674055e-01
-1.801479674086e-01 -9.736306497995e-01 1.399645226821e-01
-4.841331966197e-01 -2.465332676171e-01 8.395453507040e-01
-8.176741583255e-01 5.749218153644e-01 2.956141107545e-02
-6.607490113676e-01 -4.242147751238e-01 -6.192354709990e-01
-1.750264094212e-01 -9.750558344335e-01 1.364986290857e-01
-4.718529911944e-01 -2.307430908941e-01 8.509479306664e-01
-7.934977781476e-01 6.082843751418e-01 1.874553368820e-02
-6.436771859435e-01 -4.048326576525e-01 -6.494537701745e-01
-8.352453357304e-02 -9.899044453594e-01 1.145113153761e-01
8.107261994087e-01 -5.830405645087e-01 -5.278948502967e-02
4.039854144897e-01 2.560935540479e-01 -8.781866979491e-01
1.846948768859e-01 9.767973694992e-01 -1.084191006765e-01
6.813533936764e-01 5.421280387237e-01 4.917872940156e-01
9.460008694930e-01 -3.181930666091e-01 -6.193163392262e-02
5.307090112407e-01 4.222185782371e-01 -7.349009576667e-01
3.048099024131e-01 9.405008464572e-01 -1.501635148905e-01
6.862611794769e-01 5.667101156466e-01 4.559443369170e-01
9.536706618999e-01 -2.898407120935e-01 -8.065128792884e-02
5.426440673105e-01 4.230512053425e-01 -7.256480509661e-01
3.044946232392e-01 9.404399968520e-01 -1.511808081051e-01
6.855856307638e-01 5.661614902560e-01 4.576390606594e-01
9.530219340253e-01 -2.920915910783e-01 -8.019785338828e-02
5.419369480115e-01 4.224805777084e-01 -7.265084348025e-01
3.042925380072e-01 9.405316766629e-01 -1.510172722132e-01
6.856066279042e-01 5.661576980644e-01 4.576122951761e-01
9.530408190014e-01 -2.920315344599e-01 -8.019214548936e-02
5.419514300063e-01 4.225063176320e-01 -7.264826626115e-01
3.043072460428e-01 9.405259081906e-01 -1.510235611684e-01
6.856064490426e-01 5.661606085824e-01 4.576089622383e-01
9.530409900161e-01 -2.920302491585e-01 -8.019479363111e-02
5.419521765055e-01 4.225046399280e-01 -7.264830814412e-01
3.043010001026e-01 9.405277179142e-01 -1.510248760028e-01
6.856031375505e-01 5.661542532584e-01 4.576217863021e-01
9.530357224363e-01 -2.920499296620e-01 -8.018572407066e-02
5.419434107588e-01 4.225049357389e-01 -7.264894485204e-01
3.043872040885e-01 9.405080313364e-01 -1.509737493042e-01
6.856664085875e-01 5.663342804558e-01 4.573041208160e-01
9.531997834059e-01 -2.914473426082e-01 -8.042772781588e-02
5.424972178837e-01 4.223542690757e-01 -7.261636454560e-01
3.042400228704e-01 9.405460899956e-01 -1.510333111530e-01
6.788490808731e-01 5.690098243816e-01 4.641031621902e-01
9.493169416453e-01 -3.032967116868e-01 -8.251332610626e-02
5.318708429365e-01 4.169325892781e-01 -7.370757236756e-01
2.448453733261e-01 9.547420715600e-01 -1.688736804662e-01
5.747338377554e-01 4.994810378562e-01 6.482281300291e-01
