-3.971410194879e-01 -2.115289772554e-01 8.930478724130e-01
-7.903761660681e-01 6.100618668412e-01 5.594671337707e-02
-5.794252129841e-01 -4.739206681159e-01 -6.630728639379e-01
-2.749316797948e-01 -9.483408634010e-01 1.583103857903e-01
-4.998045257452e-01 -3.336977845597e-01 7.992754372709e-01
-9.091414975266e-01 4.122590703421e-01 5.919625322390e-02
-6.625303182536e-01 -4.948837662698e-01 -5.622665162336e-01
-2.811911373630e-01 -9.481542923140e-01 1.481046327267e-01
-4.922851980075e-01 -3.250120807814e-01 8.074790592757e-01
-9.030234962020e-01 4.256634992728e-01 5.795818056103e-02
-6.592381633335e-01 -4.922584587719e-01 -5.684071197409e-01
-2.804996483178e-01 -9.481984319161e-01 1.491297455420e-01
-4.925995182931e-01 -3.256199470913e-01 8.070423561584e-01
-9.033886326449e-01 4.248749620660e-01 5.805381139377e-02
-6.594234267077e-01 -4.924324976139e-01 -5.680413537788e-01
-2.805539941358e-01 -9.481920329882e-01 1.490681889339e-01
-4.925826128526e-01 -3.255902207524e-01 8.070646675860e-01
-9.033688668959e-01 4.249181190809e-01 5.804552006729e-02
-6.594136049821e-01 -4.924212238852e-01 -5.680625281004e-01
-2.805499379327e-01 -9.481926193914e-01 1.490720928195e-01
-4.925858744700e-01 -3.255927727979e-01 8.070616473197e-01
-9.033726670726e-01 4.249095420838e-01 5.804916392375e-02
-6.594160279607e-01 -4.924271855650e-01 -5.680545475437e-01
-2.805553003107e-01 -9.481919705327e-01 1.490661278927e-01
-4.925448481646e-01 -3.255781915419e-01 8.070925682589e-01
-9.033278014259e-01 4.250133931892e-01 5.798705701102e-02
-6.593842329915e-01 -4.923261252970e-01 -5.681790383605e-01
-2.804203960844e-01 -9.482198759777e-01 1.491424428550e-01
-4.932811675115e-01 -3.257049632171e-01 8.065915736692e-01
-9.040866799716e-01 4.232101394782e-01 5.933340493211e-02
-6.598765631417e-01 -4.944468119687e-01 -5.657607900432e-01
-2.845339354096e-01 -9.470840592998e-01 1.485672380457e-01
-4.809344480259e-01 -3.271049173008e-01 8.134521680957e-01
-8.913777794902e-01 4.522170002219e-01 3.074799085244e-02
-6.525442680055e-01 -4.569358701745e-01 -6.044796016749e-01
-1.648568460985e-01 -9.786962228377e-01 1.223761565734e-01
7.336547202623e-01 -6.791040102196e-01 -2.384312774029e-02
3.597547479697e-01 1.805017407347e-01 -9.154210194795e-01
1.149638992213e-01 9.875400873968e-01 -1.074610518292e-01
6.351186240715e-01 4.734716218182e-01 6.102859630455e-01
8.416923151749e-01 -5.387436358851e-01 -3.618482235329e-02
4.560302195486e-01 2.946019999477e-01 -8.397893191064e-01
1.620901614531e-01 9.769733501518e-01 -1.387438382536e-01
6.301690530626e-01 4.704204724728e-01 6.177309638027e-01
8.394786409760e-01 -5.421921483327e-01 -3.610104751218e-02
4.532412983181e-01 2.933210102103e-01 -8.417452764751e-01
1.612198013931e-01 9.772092837701e-01 -1.380948635989e-01
6.304245470179e-01 4.703922998157e-01 6.174916799369e-01
8.395940508257e-01 -5.420133260079e-01 -3.610241332461e-02
4.533969960146e-01 2.933686491719e-01 -8.416448180129e-01
1.612478755530e-01 9.772014054200e-01 -1.381178332976e-01
6.304128225585e-01 4.703916929725e-01 6.175041119995e-01
8.395873096550e-01 -5.420239002496e-01 -3.610042969873e-02
4.533877188528e-01 2.933667900563e-01 -8.416504636044e-01
1.612470654063e-01 9.772016948174e-01 -1.381167315854e-01
6.304142389527e-01 4.703925373061e-01 6.175020228083e-01
8.395890387352e-01 -5.420211821029e-01 -3.610102751213e-02
4.533910432933e-01 2.933678396841e-01 -8.416483068958e-01
1.612427618666e-01 9.772017699879e-01 -1.381212238516e-01
6.304009445083e-01 4.703776329033e-01 6.175269480981e-01
8.395654364792e-01 -5.420583504929e-01 -3.609186238436e-02
4.533393911811e-01 2.933536361218e-01 -8.416810800877e-01
1.613205627064e-01 9.772011270795e-01 -1.380348987855e-01
6.305617536545e-01 4.706855483245e-01 6.171280170489e-01
8.398981590851e-01 -5.415264457465e-01 -3.633443163936e-02
4.542975562334e-01 2.933057948738e-01 -8.411809799881e-01
1.602859228228e-01 9.771763795382e-01 -1.394085586235e-01
6.309407113916e-01 4.652972652947e-01 6.208158129574e-01
8.395157953395e-01 -5.425311547560e-01 -2.954954305292e-02
4.401407782963e-01 3.092581009706e-01 -8.429920060504e-01
1.366418944284e-01 9.789448940102e-01 -1.516439487037e-01
5.334592411217e-01 4.271959666793e-01 7.300170163187e-01
-3.432217621591e-01 -1.522092019418e-01 9.268393500627e-01
-6.875893218554e-01 7.260255526017e-01 1.038371031370e-02
-5.416270205994e-01 -3.950911078454e-01 -7.419859749740e-01
-1.548962703199e-01 -9.777380094567e-01 1.415469190929e-01
-4.172221604353e-01 -2.243705140624e-01 8.806722098835e-01
-7.763508570645e-01 6.300893362376e-01 1.633325120541e-02
-6.065760136766e-01 -4.094949577877e-01 -6.814539009931e-01
-1.627066029808e-01 -9.769530920007e-01 1.381637339415e-01
-4.157376984282e-01 -2.193380835317e-01 8.826397743237e-01
-7.742478360289e-01 6.326481044004e-01 1.722394853690e-02
-6.055901224039e-01 -4.093546775173e-01 -6.824143548032e-01
-1.626133097497e-01 -9.769559491262e-01 1.382533361589e-01
-4.157499463399e-01 -2.194885419035e-01 8.825966021300e-01
-7.742997389161e-01 6.325854594892e-01 1.719158972395e-02
-6.056158258360e-01 -4.093501027488e-01 -6.823942884260e-01
-1.626127036968e-01 -9.769561081996e-01 1.382529249163e-01
-4.157498290240e-01 -2.194849235212e-01 8.825975572216e-01
-7.742986311803e-01 6.325867874373e-01 1.719261795059e-02
-6.056151756433e-01 -4.093505407051e-01 -6.823946027446e-01
-1.626133197080e-01 -9.769559827056e-01 1.382530871597e-01
-4.157492186525e-01 -2.194850554298e-01 8.825978119352e-01
-7.742976307896e-01 6.325880418954e-01 1.719151548167e-02
-6.056149737159e-01 -4.093488065191e-01 -6.823958222414e-01
-1.626055162448e-01 -9.769577358139e-01 1.382498771072e-01
-4.157604180674e-01 -2.194870590910e-01 8.825920380674e-01
-7.743176012550e-01 6.325631642170e-01 1.720743044082e-02
-6.056199275817e-01 -4.093739788773e-01 -6.823763248634e-01
-1.627109335515e-01 -9.769359943967e-01 1.382794813231e-01
-4.156363658067e-01 -2.193808813157e-01 8.826768606529e-01
-7.740573547343e-01 6.328817433638e-01 1.720204925290e-02
-6.053899126505e-01 -4.096200583013e-01 -6.824327523633e-01
-1.612861117520e-01 -9.772108607655e-01 1.380062453580e-01
-4.107420342460e-01 -2.159369903749e-01 8.858116038364e-01
-7.633585660718e-01 6.459413613607e-01 6.592214216471e-03
-6.018828779509e-01 -3.879366116331e-01 -6.980273537506e-01
-8.320472429142e-02 -9.891485518567e-01 1.210872256494e-01
7.334138245267e-01 -6.795411446965e-01 -1.811062278467e-02
3.313651318374e-01 2.025466514291e-01 -9.215052921157e-01
1.152959641407e-01 9.871221618793e-01 -1.108903881301e-01
5.996461193476e-01 4.901644726283e-01 6.325846357005e-01
8.316952352015e-01 -5.542914223243e-01 -3.231183808957e-02
4.159318943389e-01 3.091916555823e-01 -8.552199596536e-01
1.610649342182e-01 9.771783252248e-01 -1.384940709063e-01
5.963473508420e-01 4.894286503988e-01 6.362620791093e-01
8.312584353897e-01 -5.548707642571e-01 -3.358345673447e-02
4.154230221294e-01 3.083262347319e-01 -8.557795543602e-01
1.603529079810e-01 9.773627630357e-01 -1.380180217695e-01
5.964420263593e-01 4.893581229909e-01 6.362275824382e-01
8.312670409485e-01 -5.548609658296e-01 -3.353230131227e-02
4.154305149188e-01 3.083515808949e-01 -8.557667847223e-01
1.603700864401e-01 9.773582739480e-01 -1.380298508319e-01
5.964396897350e-01 4.893602385328e-01 6.362281457559e-01
8.312666759059e-01 -5.548614325813e-01 -3.353362733394e-02
4.154303832054e-01 3.083507339496e-01 -8.557671538348e-01
1.603696360333e-01 9.773583849268e-01 -1.380295883201e-01
5.964397877674e-01 4.893599898441e-01 6.362282451352e-01
8.312667447794e-01 -5.548613400347e-01 -3.353345134020e-02
4.154302008016e-01 3.083511269561e-01 -8.557671007738e-01
1.603701715270e-01 9.773583777488e-01 -1.380290169808e-01
5.964399864798e-01 4.893624977660e-01 6.362261298534e-01
8.312659410997e-01 -5.548623971711e-01 -3.353588187482e-02
4.154333738478e-01 3.083443859035e-01 -8.557679893378e-01
1.603691785797e-01 9.773589632740e-01 -1.380260246100e-01
5.964011940977e-01 4.893816447422e-01 6.362477673582e-01
8.312499150094e-01 -5.548833373820e-01 -3.358661478437e-02
4.155311491460e-01 3.081799822399e-01 -8.557797395569e-01
1.603255802240e-01 9.773572051421e-01 -1.380891084869e-01
5.962354881658e-01 4.893390785484e-01 6.364357853367e-01
8.332603529477e-01 -5.520459416304e-01 -3.037206833338e-02
4.094994395868e-01 3.209972232140e-01 -8.539736481104e-01
1.364509891565e-01 9.787943823920e-01 -1.527831291604e-01
5.180868971057e-01 4.324864687383e-01 7.379304990347e-01
-3.458818805863e-01 -1.531307211497e-01 9.256979566372e-01
-6.910132848049e-01 7.227709892713e-01 1.013594055345e-02
-5.444243135468e-01 -3.932399288745e-01 -7.409214028208e-01
-1.518916169068e-01 -9.781771482679e-01 1.417688376193e-01
-4.196987268552e-01 -2.237958499514e-01 8.796410610133e-01
-7.788722812885e-01 6.269521219906e-01 1.700018152522e-02
-6.088211735167e-01 -4.085173533846e-01 -6.800370215374e-01
-1.605960077757e-01 -9.773339810583e-01 1.379391596146e-01
-4.182569608252e-01 -2.186388819052e-01 8.816224554993e-01
-7.767360566074e-01 6.295720217431e-01 1.789323347730e-02
-6.078226205012e-01 -4.083492068043e-01 -6.810305333165e-01
-1.604492197614e-01 -9.773439598262e-01 1.380392410481e-01
-4.182726117692e-01 -2.187781980387e-01 8.815804684240e-01
-7.767866660841e-01 6.295103318023e-01 1.786666023981e-02
-6.078469962763e-01 -4.083490248743e-01 -6.810088861404e-01
-1.604520048833e-01 -9.773437128509e-01 1.380377523715e-01
-4.182723510988e-01 -2.187750165058e-01 8.815813816428e-01
-7.767855304543e-01 6.295117136919e-01 1.786734455879e-02
-6.078463810719e-01 -4.083491554704e-01 -6.810093569433e-01
-1.604520034228e-01 -9.773437096169e-01 1.380377769667e-01
-4.182723376633e-01 -2.187751991837e-01 8.815813426836e-01
-7.767855752061e-01 6.295116659234e-01 1.786708196797e-02
-6.078465787914e-01 -4.083486228288e-01 -6.810094998496e-01
-1.604517833929e-01 -9.773437148015e-01 1.380379960160e-01
-4.182714848561e-01 -2.187770027512e-01 8.815812997243e-01
-7.767854341076e-01 6.295119226248e-01 1.786417172609e-02
-6.078489519429e-01 -4.083394425972e-01 -6.810128862520e-01
-1.604511772992e-01 -9.773427089369e-01 1.380458220707e-01
-4.183311196910e-01 -2.187967656825e-01 8.815480983049e-01
-7.768874166803e-01 6.293820553079e-01 1.800472883094e-02
-6.078202266680e-01 -4.087445676475e-01 -6.807954542092e-01
-1.601180006883e-01 -9.774283442895e-01 1.378261863187e-01
-4.130457130031e-01 -2.151207129267e-01 8.849385955193e-01
-7.656527247122e-01 6.432001747168e-01 8.333089765989e-03
-6.030134109231e-01 -3.897721235000e-01 -6.960262336933e-01
-8.478909461716e-02 -9.890178173113e-01 1.210560468329e-01
7.342376540564e-01 -6.786586760252e-01 -1.781765476992e-02
3.314423659206e-01 2.048794853586e-01 -9.209616466239e-01
1.157666578367e-01 9.870304935344e-01 -1.112154924756e-01
5.998006593361e-01 4.912039186999e-01 6.316311259856e-01
8.323437933235e-01 -5.533094899565e-01 -3.244099320344e-02
4.161561153452e-01 3.106453260958e-01 -8.545838572285e-01
1.614893244192e-01 9.771018316042e-01 -1.385395567133e-01
5.963718033717e-01 4.906731492002e-01 6.352798854026e-01
8.319027735749e-01 -5.538924341346e-01 -3.377790293605e-02
4.156400213107e-01 3.097740052478e-01 -8.551511201873e-01
1.607743598584e-01 9.772875330213e-01 -1.380604324681e-01
5.964651918407e-01 4.906080009232e-01 6.352425240430e-01
8.319121044358e-01 -5.538813708428e-01 -3.372947563267e-02
4.156495279494e-01 3.097970086714e-01 -8.551381662244e-01
1.607914427679e-01 9.772831110703e-01 -1.380718390885e-01
5.964628533819e-01 4.906099711405e-01 6.352431981163e-01
8.319116956056e-01 -5.538819101352e-01 -3.373070321891e-02
4.156492870479e-01 3.097962711528e-01 -8.551385505030e-01
1.607910228390e-01 9.772832191949e-01 -1.380715628012e-01
5.964629680903e-01 4.906098626547e-01 6.352431741961e-01
8.319117731163e-01 -5.538818029125e-01 -3.373055221587e-02
4.156491338458e-01 3.097966960561e-01 -8.551384710361e-01
1.607908525969e-01 9.772831917590e-01 -1.380719552495e-01
5.964635523189e-01 4.906084082866e-01 6.352437488662e-01
8.319116828336e-01 -5.538820268043e-01 -3.372910239279e-02
4.156461971547e-01 3.097997523172e-01 -8.551387912234e-01
1.607956862466e-01 9.772830871818e-01 -1.380670662862e-01
5.964709231744e-01 4.906302129447e-01 6.352199870544e-01
8.319177200001e-01 -5.538702767609e-01 -3.377312053398e-02
4.157703580582e-01 3.096805354056e-01 -8.551216143632e-01
1.607299313010e-01 9.772815577603e-01 -1.381544282519e-01
5.960757752117e-01 4.905717585187e-01 6.356359177624e-01
8.335575970631e-01 -5.515609435720e-01 -3.102028214579e-02
4.104496808860e-01 3.205939316097e-01 -8.536688997941e-01
1.366039205006e-01 9.788076399769e-01 -1.525613739671e-01
5.186384667927e-01 4.331104428393e-01 7.371766986730e-01
-3.459753281789e-01 -1.530807385109e-01 9.256713022388e-01
-6.911491074592e-01 7.226396801542e-01 1.023737881136e-02
-5.444383117854e-01 -3.933975819552e-01 -7.408274206400e-01
-1.522405425977e-01 -9.781184100967e-01 1.417998343420e-01
-4.197863003588e-01 -2.238942939723e-01 8.795742192434e-01
-7.790215575918e-01 6.267653952650e-01 1.704558903264e-02
-6.088775794942e-01 -4.086105766568e-01 -6.799305036792e-01
-1.609350057762e-01 -9.772736285408e-01 1.379716596785e-01
-4.183330410701e-01 -2.187461736062e-01 8.815597417542e-01
-7.768824333894e-01 6.293902423224e-01 1.793342020739e-02
-6.078782803559e-01 -4.084376977159e-01 -6.809277813073e-01
-1.607879206732e-01 -9.772835281836e-01 1.380729883312e-01
-4.183485024832e-01 -2.188866743013e-01 8.815175291980e-01
-7.769332390650e-01 6.293282915490e-01 1.790652093532e-02
-6.079027812215e-01 -4.084373796061e-01 -6.809060989033e-01
-1.607906647826e-01 -9.772832858021e-01 1.380715083233e-01
-4.183482409391e-01 -2.188834810842e-01 8.815184462118e-01
-7.769321041372e-01 6.293296731552e-01 1.790720657816e-02
-6.079021614519e-01 -4.084375115238e-01 -6.809065730938e-01
-1.607906288291e-01 -9.772832912305e-01 1.380715117703e-01
-4.183482744578e-01 -2.188834581645e-01 8.815184359956e-01
-7.769321060965e-01 6.293296683036e-01 1.790729207128e-02
-6.079021102104e-01 -4.084377278324e-01 -6.809064890900e-01
-1.607906530265e-01 -9.772833069166e-01 1.380713725628e-01
-4.183475827510e-01 -2.188835874882e-01 8.815187321519e-01
-7.769312552988e-01 6.293307836654e-01 1.790500686778e-02
-6.079028632170e-01 -4.084307086525e-01 -6.809100271858e-01
-1.607977297058e-01 -9.772805889235e-01 1.380823690223e-01
-4.183999495527e-01 -2.189129991467e-01 8.814865744973e-01
-7.770251546859e-01 6.292116480343e-01 1.801696321051e-02
-6.078936836467e-01 -4.087590265431e-01 -6.807211819842e-01
-1.602993035022e-01 -9.773969746039e-01 1.378379023779e-01
-4.129955286878e-01 -2.152446993538e-01 8.849318689504e-01
-7.656595813653e-01 6.431925220002e-01 8.293678707517e-03
-6.029920336664e-01 -3.897996883342e-01 -6.960293171336e-01
-8.502749583690e-02 -9.889953747331e-01 1.210721838746e-01
7.342204337256e-01 -6.786760237164e-01 -1.786643591750e-02
3.314789080537e-01 2.047874744586e-01 -9.209689592057e-01
1.157568815200e-01 9.870343275383e-01 -1.111916392621e-01
5.998157859665e-01 4.912012426271e-01 6.316188424572e-01
8.323434413713e-01 -5.533096701610e-01 -3.244694920115e-02
4.161795609925e-01 3.106263610716e-01 -8.545793332509e-01
1.614857686644e-01 9.771025323932e-01 -1.385387588713e-01
5.963904463503e-01 4.906556014287e-01 6.352759371240e-01
8.318999427016e-01 -5.538967254136e-01 -3.377725431561e-02
4.156599867216e-01 3.097566296263e-01 -8.551477099549e-01
1.607707614222e-01 9.772881801637e-01 -1.380600419526e-01
5.964842339938e-01 4.905898914363e-01 6.352386299788e-01
8.319093117434e-01 -5.538856173197e-01 -3.372862228166e-02
4.156694562282e-01 3.097797914557e-01 -8.551347168514e-01
1.607878495406e-01 9.772837528234e-01 -1.380714811523e-01
5.964818927748e-01 4.905918603347e-01 6.352393077929e-01
8.319089019187e-01 -5.538861580774e-01 -3.372985025987e-02
4.156692175067e-01 3.097790444983e-01 -8.551351034820e-01
1.607874490103e-01 9.772838612785e-01 -1.380711799229e-01
5.964819185382e-01 4.905918771565e-01 6.352392706100e-01
8.319089200058e-01 -5.538861296562e-01 -3.372987087391e-02
4.156693040596e-01 3.097789827909e-01 -8.551350837638e-01
1.607873254637e-01 9.772838638064e-01 -1.380713059034e-01
5.964817743268e-01 4.905912540781e-01 6.352398872221e-01
8.319084136924e-01 -5.538869388401e-01 -3.372907069929e-02
4.156665116139e-01 3.097804551077e-01 -8.551359077691e-01
1.607911690052e-01 9.772837607384e-01 -1.380675594298e-01
5.964952454838e-01 4.906059922943e-01 6.352158549975e-01
8.319229837213e-01 -5.538633016797e-01 -3.375784662427e-02
4.157723167855e-01 3.097110357355e-01 -8.551096157444e-01
1.607198301197e-01 9.772797024975e-01 -1.381793012457e-01
5.961057137069e-01 4.904907050500e-01 6.356703912764e-01
8.335377724517e-01 -5.515922879096e-01 -3.099564186925e-02
4.104367118232e-01 3.205661474377e-01 -8.536855689917e-01
1.366076362249e-01 9.788104001642e-01 -1.525403364865e-01
5.185988229500e-01 4.331797855216e-01 7.371638449153e-01
-3.459680437386e-01 -1.530873302064e-01 9.256729347032e-01
-6.911426697259e-01 7.226459219553e-01 1.023140095573e-02
-5.444369397956e-01 -3.933910740901e-01 -7.408318847162e-01
-1.522377164730e-01 -9.781188194765e-01 1.418000446723e-01
-4.197831850843e-01 -2.238939915925e-01 8.795757830052e-01
-7.790179536075e-01 6.267699161840e-01 1.704406418258e-02
-6.088757003036e-01 -4.086090261043e-01 -6.799331183035e-01
-1.609317544039e-01 -9.772741942005e-01 1.379714455032e-01
-4.183305196474e-01 -2.187446999562e-01 8.815613039220e-01
-7.768788093811e-01 6.293947442290e-01 1.793241398902e-02
-6.078762729253e-01 -4.084366302669e-01 -6.809302136568e-01
-1.607847265131e-01 -9.772841015522e-01 1.380726496211e-01
-4.183460170911e-01 -2.188850409992e-01 8.815191142629e-01
-7.769295781824e-01 6.293328390948e-01 1.790553496181e-02
-6.079007751919e-01 -4.084362665925e-01 -6.809085574826e-01
-1.607874705447e-01 -9.772838544086e-01 1.380712034716e-01
-4.183457409920e-01 -2.188819408705e-01 8.815200150618e-01
-7.769284665562e-01 6.293341929660e-01 1.790618380352e-02
-6.079001888874e-01 -4.084363556698e-01 -6.809090274903e-01
-1.607874204057e-01 -9.772838615603e-01 1.380712112393e-01
-4.183457597246e-01 -2.188819744402e-01 8.815199978365e-01
-7.769284854206e-01 6.293341688463e-01 1.790621301575e-02
-6.079001718707e-01 -4.084364877324e-01 -6.809089634660e-01
-1.607872120616e-01 -9.772839349690e-01 1.380709342653e-01
-4.183450902248e-01 -2.188815415891e-01 8.815204230398e-01
-7.769274239959e-01 6.293355201548e-01 1.790477351348e-02
-6.079001002369e-01 -4.084315940024e-01 -6.809119628503e-01
-1.607971380536e-01 -9.772806739099e-01 1.380824565106e-01
-4.183991941596e-01 -2.189071647211e-01 8.814883819769e-01
-7.770205983388e-01 6.292172213358e-01 1.801882714278e-02
-6.078897382271e-01 -4.087608430864e-01 -6.807236144850e-01
-1.602888826636e-01 -9.773987813953e-01 1.378372091326e-01
-4.129954184113e-01 -2.152446000598e-01 8.849319445677e-01
-7.656601377334e-01 6.431919119420e-01 8.289625950573e-03
-6.029966805992e-01 -3.897898999142e-01 -6.960307731065e-01
-8.502252238623e-02 -9.889956952728e-01 1.210730581877e-01
7.342201430386e-01 -6.786764351402e-01 -1.786275291521e-02
3.314760372022e-01 2.047911109097e-01 -9.209691838781e-01
1.157570291255e-01 9.870341804193e-01 -1.111927915469e-01
5.998157065076e-01 4.911999236754e-01 6.316199436434e-01
8.323429804238e-01 -5.533103985604e-01 -3.244635240275e-02
4.161786538743e-01 3.106263242321e-01 -8.545797884068e-01
1.614855782425e-01 9.771025599080e-01 -1.385387867746e-01
5.963900395415e-01 4.906552851519e-01 6.352765633078e-01
8.318996805973e-01 -5.538971261686e-01 -3.377713789345e-02
4.156594367369e-01 3.097562544171e-01 -8.551481131951e-01
1.607707738797e-01 9.772881762908e-01 -1.380600548615e-01
5.964837318454e-01 4.905897154138e-01 6.352392374326e-01
8.319090054928e-01 -5.538860826742e-01 -3.372853391259e-02
4.156688525567e-01 3.097794556558e-01 -8.551351319340e-01
1.607878959371e-01 9.772837451660e-01 -1.380714813220e-01
5.964814745262e-01 4.905916049905e-01 6.352398977236e-01
8.319086607595e-01 -5.538865262159e-01 -3.372975288613e-02
4.156686215176e-01 3.097787780614e-01 -8.551354897023e-01
1.607874583370e-01 9.772838572117e-01 -1.380711978473e-01
5.964815112512e-01 4.905916004579e-01 6.352398667398e-01
8.319086812517e-01 -5.538864958364e-01 -3.372974633887e-02
4.156686958373e-01 3.097787508460e-01 -8.551354634356e-01
1.607873853252e-01 9.772838561700e-01 -1.380712902445e-01
5.964810982407e-01 4.905912574576e-01 6.352405194474e-01
8.319079197306e-01 -5.538876592635e-01 -3.372942343420e-02
4.156664504111e-01 3.097787095279e-01 -8.551365698682e-01
1.607914652712e-01 9.772838401895e-01 -1.380666520214e-01
5.964931536284e-01 4.906086685637e-01 6.352157523271e-01
8.319226187192e-01 -5.538637517268e-01 -3.375945773351e-02
4.157731468468e-01 3.097082052817e-01 -8.551102373041e-01
1.607198526167e-01 9.772797914877e-01 -1.381786456896e-01
5.961065270140e-01 4.904906880153e-01 6.356696417335e-01
8.335391928872e-01 -5.515902417516e-01 -3.099385625047e-02
4.104339871115e-01 3.205734360938e-01 -8.536841419956e-01
1.366073488191e-01 9.788099513291e-01 -1.525434738942e-01
5.186014119691e-01 4.331726840941e-01 7.371661964974e-01
-3.459696729148e-01 -1.530865201533e-01 9.256724597667e-01
-6.911431365776e-01 7.226454611631e-01 1.023241037385e-02
-5.444370544531e-01 -3.933928348251e-01 -7.408308654792e-01
-1.522376390342e-01 -9.781189611305e-01 1.417991506967e-01
-4.197844175013e-01 -2.238918033511e-01 8.795757518345e-01
-7.790176552781e-01 6.267702673956e-01 1.704478435663e-02
-6.088758953050e-01 -4.086093065759e-01 -6.799327751300e-01
-1.609317764041e-01 -9.772741524576e-01 1.379717155133e-01
-4.183308512070e-01 -2.187461436754e-01 8.815607883496e-01
-7.768793339859e-01 6.293941068040e-01 1.793205916675e-02
-6.078770331001e-01 -4.084365001899e-01 -6.809296130599e-01
-1.607846930767e-01 -9.772840895201e-01 1.380727737214e-01
-4.183466854881e-01 -2.188855743455e-01 8.815186646263e-01
-7.769301191910e-01 6.293321588505e-01 1.790596913148e-02
-6.079009541966e-01 -4.084374802971e-01 -6.809076696406e-01
-1.607875949235e-01 -9.772838664967e-01 1.380709730680e-01
-4.183464068192e-01 -2.188822668337e-01 8.815196181409e-01
-7.769288781565e-01 6.293336771415e-01 1.790645419881e-02
-6.079005144598e-01 -4.084370602593e-01 -6.809083141850e-01
-1.607875096899e-01 -9.772838480309e-01 1.380712030285e-01
-4.183463201037e-01 -2.188827287433e-01 8.815195446010e-01
-7.769289911015e-01 6.293335412862e-01 1.790632843776e-02
-6.079006100025e-01 -4.084370304003e-01 -6.809082467971e-01
-1.607872264521e-01 -9.772839306080e-01 1.380709483754e-01
-4.183456069857e-01 -2.188825069202e-01 8.815199381069e-01
-7.769280148917e-01 6.293347910981e-01 1.790475886483e-02
-6.079006778184e-01 -4.084319416594e-01 -6.809112386650e-01
-1.607972501757e-01 -9.772806563120e-01 1.380824504934e-01
-4.183996203107e-01 -2.189080814757e-01 8.814879520382e-01
-7.770210505893e-01 6.292166589084e-01 1.801896482220e-02
-6.078900123730e-01 -4.087617457182e-01 -6.807228276579e-01
-1.602895617173e-01 -9.773986721771e-01 1.378371939318e-01
-4.129964370344e-01 -2.152445363295e-01 8.849314846796e-01
-7.656606630341e-01 6.431912732792e-01 8.290660995808e-03
-6.029966355160e-01 -3.897919879207e-01 -6.960296428380e-01
-8.502257723867e-02 -9.889957532137e-01 1.210725463715e-01
7.342246592734e-01 -6.786715205436e-01 -1.786384387267e-02
3.314791525987e-01 2.047912619353e-01 -9.209680289931e-01
1.157615201560e-01 9.870336301272e-01 -1.111930008994e-01
5.998152422312e-01 4.912036172604e-01 6.316175120889e-01
8.323454857974e-01 -5.533065204111e-01 -3.244821633522e-02
4.161805278110e-01 3.106272371634e-01 -8.545785439637e-01
1.614897290313e-01 9.771018471117e-01 -1.385389757009e-01
5.963925975461e-01 4.906549400780e-01 6.352744283924e-01
8.319026255925e-01 -5.538926326733e-01 -3.377829188312e-02
4.156613140997e-01 3.097579307720e-01 -8.551465934475e-01
1.607679350221e-01 9.772886842011e-01 -1.380597653238e-01
5.964853352646e-01 4.905901846940e-01 6.352373694110e-01
8.319110989826e-01 -5.538828950910e-01 -3.372924421259e-02
4.156715347734e-01 3.097792742393e-01 -8.551338938616e-01
1.607870912647e-01 9.772838883168e-01 -1.380714051459e-01
5.964830597378e-01 4.905922266656e-01 6.352379291109e-01
8.319107282512e-01 -5.538833708900e-01 -3.373057473736e-02
4.156708830025e-01 3.097791759965e-01 -8.551342462695e-01
1.607861001684e-01 9.772841037612e-01 -1.380710343567e-01
5.964833889706e-01 4.905917852233e-01 6.352379608883e-01
8.319108662506e-01 -5.538831742609e-01 -3.373040001154e-02
4.156709413675e-01 3.097793698904e-01 -8.551341476593e-01
1.607860450943e-01 9.772840904338e-01 -1.380711928244e-01
5.964830565093e-01 4.905913172901e-01 6.352386344492e-01
8.319101236469e-01 -5.538843144870e-01 -3.372999168399e-02
4.156686289475e-01 3.097794938399e-01 -8.551352267947e-01
1.607901317330e-01 9.772840673560e-01 -1.380665970807e-01
5.964950678539e-01 4.906087164878e-01 6.352139177727e-01
8.319247387493e-01 -5.538605259697e-01 -3.376013669220e-02
4.157754673427e-01 3.097085257372e-01 -8.551089929603e-01
1.607185669666e-01 9.772800472900e-01 -1.381783318797e-01
5.961081243445e-01 4.904916659403e-01 6.356673892324e-01
8.335415950046e-01 -5.515865426685e-01 -3.099508580612e-02
4.104371799701e-01 3.205730123658e-01 -8.536827660442e-01
1.366059780495e-01 9.788102004508e-01 -1.525431029401e-01
5.186033123944e-01 4.331752254694e-01 7.371633661632e-01
-3.459490073711e-01 -1.531228515167e-01 9.256741741252e-01
-6.911567819387e-01 7.226325653960e-01 1.022145828320e-02
-5.444384448503e-01 -3.933858093795e-01 -7.408335742580e-01
-1.522415433557e-01 -9.781173987716e-01 1.418057357686e-01
-4.197727554389e-01 -2.239138327368e-01 8.795757098172e-01
-7.790287348150e-01 6.267562297515e-01 1.705458296695e-02
-6.088530983931e-01 -4.086517529662e-01 -6.799276795181e-01
-1.609367666028e-01 -9.772751828096e-01 1.379585960350e-01
-4.183035615976e-01 -2.187289875232e-01 8.815779944916e-01
-7.768688567632e-01 6.294070917245e-01 1.793020575266e-02
-6.078522315803e-01 -4.084298256021e-01 -6.809557563612e-01
-1.607845035585e-01 -9.772833529057e-01 1.380782080881e-01
-4.183129277343e-01 -2.188968504594e-01 8.815318844769e-01
-7.769276702796e-01 6.293353150991e-01 1.790129389130e-02
-6.078764415834e-01 -4.084398873865e-01 -6.809281093916e-01
-1.607880777849e-01 -9.772837161381e-01 1.380714750177e-01
-4.183153228568e-01 -2.188826737099e-01 8.815342680876e-01
-7.769241220708e-01 6.293395860335e-01 1.790513880765e-02
-6.078738394362e-01 -4.084416692792e-01 -6.809293635360e-01
-1.607881731891e-01 -9.772837294989e-01 1.380712693475e-01
-4.183153510278e-01 -2.188830105401e-01 8.815341710855e-01
-7.769242422343e-01 6.293394404353e-01 1.790504234280e-02
-6.078739576974e-01 -4.084416526643e-01 -6.809292679289e-01
-1.607878963056e-01 -9.772838107910e-01 1.380710163914e-01
-4.183146436711e-01 -2.188827758040e-01 8.815345650323e-01
-7.769232663110e-01 6.293406899211e-01 1.790347100987e-02
-6.078740383430e-01 -4.084365347817e-01 -6.809322657681e-01
-1.607978987715e-01 -9.772805336679e-01 1.380825632162e-01
-4.183684523649e-01 -2.189086141011e-01 8.815026130070e-01
-7.770161787575e-01 6.292227277920e-01 1.801712460799e-02
-6.078639910450e-01 -4.087648625246e-01 -6.807441924512e-01
-1.602904364266e-01 -9.773983157533e-01 1.378387041172e-01
-4.129615532978e-01 -2.152494538147e-01 8.849465679522e-01
-7.656548577704e-01 6.431982758358e-01 8.283521860613e-03
-6.029712061106e-01 -3.897853798487e-01 -6.960553729824e-01
-8.502685293947e-02 -9.889938852622e-01 1.210848016609e-01
7.340596079557e-01 -6.788513227677e-01 -1.781498090271e-02
3.314380194946e-01 2.047660857995e-01 -9.209884306222e-01
1.155157400495e-01 9.870644669095e-01 -1.111748711065e-01
5.998093260976e-01 4.911491643678e-01 6.316654737020e-01
8.322595995524e-01 -5.534372392217e-01 -3.242192461215e-02
4.161715568737e-01 3.105353861586e-01 -8.546162935450e-01
1.612979575312e-01 9.771356120508e-01 -1.385242381623e-01
5.963191483963e-01 4.906054493315e-01 6.353815911263e-01
8.317198600714e-01 -5.541699617084e-01 -3.373022239707e-02
4.155612055192e-01 3.096787317242e-01 -8.552239283282e-01
1.604868265735e-01 9.773390459057e-01 -1.380303149478e-01
5.964276068044e-01 4.905112374393e-01 6.353525287487e-01
8.317361818900e-01 -5.541490868141e-01 -3.367065960422e-02
4.155833505779e-01 3.096933244405e-01 -8.552078832187e-01
1.605241232058e-01 9.773307014482e-01 -1.380460281059e-01
5.964173977516e-01 4.905247576751e-01 6.353516740885e-01
8.317326345603e-01 -5.541540786309e-01 -3.367613018353e-02
4.155822696106e-01 3.096887623437e-01 -8.552100605485e-01
1.605221078461e-01 9.773312198386e-01 -1.380447015333e-01
5.964178190276e-01 4.905244299077e-01 6.353515316815e-01
8.317329054662e-01 -5.541536803018e-01 -3.367599401211e-02
4.155824034911e-01 3.096890371979e-01 -8.552098959601e-01
1.605220904422e-01 9.773311974380e-01 -1.380448803632e-01
5.964174785911e-01 4.905239718801e-01 6.353522048769e-01
8.317321663416e-01 -5.541548144541e-01 -3.367558596537e-02
4.155800880034e-01 3.096891800828e-01 -8.552109694074e-01
1.605261121342e-01 9.773311772449e-01 -1.380403466681e-01
5.964296159562e-01 4.905410541300e-01 6.353276221159e-01
8.317468692040e-01 -5.541309518427e-01 -3.370510019610e-02
4.156862039248e-01 3.096200059946e-01 -8.551844431200e-01
1.604539755011e-01 9.773270068804e-01 -1.381536947322e-01
5.960421260680e-01 4.904159697954e-01 6.357876693693e-01
8.333565623733e-01 -5.518693984415e-01 -3.093552994889e-02
4.103376483254e-01 3.204837249959e-01 -8.537641339267e-01
1.363367661502e-01 9.788535339802e-01 -1.525058858215e-01
5.185814278726e-01 4.331007778079e-01 7.372225029988e-01
-3.456546175110e-01 -1.512784436806e-01 9.260873165479e-01
-6.902968629718e-01 7.234532730720e-01 1.027631513096e-02
-5.440406230980e-01 -3.924803388957e-01 -7.416056795895e-01
-1.519939954623e-01 -9.781354437547e-01 1.419467471068e-01
-4.194613868534e-01 -2.235470161966e-01 8.798175245405e-01
-7.785940870259e-01 6.273071456821e-01 1.664309539970e-02
-6.091213196830e-01 -4.073934819518e-01 -6.804423331707e-01
-1.605655257128e-01 -9.773574801577e-01 1.378080836972e-01
-4.185076420790e-01 -2.169178092829e-01 8.819285784787e-01
-7.761115995745e-01 6.303433394039e-01 1.783422202247e-02
-6.080347457750e-01 -4.070862079764e-01 -6.815970710073e-01
-1.604132592887e-01 -9.773508551917e-01 1.380322139952e-01
-4.184542663433e-01 -2.173932452918e-01 8.818368351802e-01
-7.762394290297e-01 6.301893351972e-01 1.771300718099e-02
-6.081292977686e-01 -4.070454601027e-01 -6.815370500606e-01
-1.604130698764e-01 -9.773506165197e-01 1.380341240471e-01
-4.184540680056e-01 -2.173770004186e-01 8.818409338756e-01
-7.762344130615e-01 6.301953813868e-01 1.771771028569e-02
-6.081238800169e-01 -4.070475111350e-01 -6.815406592655e-01
-1.604131406214e-01 -9.773506383895e-01 1.380338869829e-01
-4.184542327670e-01 -2.173775116485e-01 8.818407296722e-01
-7.762346147369e-01 6.301951369248e-01 1.771756982806e-02
-6.081241663353e-01 -4.070475149779e-01 -6.815404014945e-01
-1.604128717747e-01 -9.773507178788e-01 1.380336365918e-01
-4.184534602875e-01 -2.173772974564e-01 8.818411490308e-01
-7.762336059014e-01 6.301964247581e-01 1.771596148738e-02
-6.081241760814e-01 -4.070424095470e-01 -6.815434419723e-01
-1.604227112451e-01 -9.773475589282e-01 1.380445680705e-01
-4.185103543566e-01 -2.173996089241e-01 8.818086489346e-01
-7.763285138907e-01 6.300760690152e-01 1.783776259712e-02
-6.081064226050e-01 -4.073917376162e-01 -6.813505345332e-01
-1.599067627654e-01 -9.774691462605e-01 1.377820573614e-01
-4.130886644675e-01 -2.136870813546e-01 8.852658281842e-01
-7.649349684254e-01 6.440560120216e-01 8.145394949466e-03
-6.030474453105e-01 -3.885642704113e-01 -6.966717924993e-01
-8.463137407360e-02 -9.890520565703e-01 1.208865580470e-01
7.333211319833e-01 -6.796326325594e-01 -1.842829745603e-02
3.293964693653e-01 2.047958654545e-01 -9.217139575065e-01
1.185248801246e-01 9.866704932224e-01 -1.115042178386e-01
5.990637593458e-01 4.914138020583e-01 6.321669774554e-01
8.329266239237e-01 -5.524688875530e-01 -3.180200379003e-02
4.148863207879e-01 3.123935985575e-01 -8.545639709252e-01
1.692167487174e-01 9.756831839837e-01 -1.393126571599e-01
5.946264277236e-01 4.929373908291e-01 6.351630815588e-01
8.323926068314e-01 -5.531394939958e-01 -3.404773523379e-02
4.141112178453e-01 3.115959740831e-01 -8.552308742029e-01
1.682712057670e-01 9.759218531604e-01 -1.387852219569e-01
5.950119678676e-01 4.925372333742e-01 6.351124560536e-01
8.325982093005e-01 -5.528367313035e-01 -3.393774287273e-02
4.142045117835e-01 3.117619120466e-01 -8.551252145828e-01
1.682906579917e-01 9.759140332192e-01 -1.388166207575e-01
5.949933847971e-01 4.925486235672e-01 6.351210321424e-01
8.325784151859e-01 -5.528667396964e-01 -3.393450609652e-02
4.141954346232e-01 3.117498593182e-01 -8.551340053772e-01
1.682918921599e-01 9.759139941568e-01 -1.388153991539e-01
5.949941958462e-01 4.925486783479e-01 6.351202298518e-01
8.325798383543e-01 -5.528645544451e-01 -3.393519123514e-02
4.141961555947e-01 3.117505754058e-01 -8.551333951055e-01
1.682915052135e-01 9.759140380759e-01 -1.388155594999e-01
5.949938113818e-01 4.925480752560e-01 6.351210577354e-01
8.325789287115e-01 -5.528659629026e-01 -3.393456246039e-02
4.141935698351e-01 3.117507753497e-01 -8.551345746583e-01
1.682972955902e-01 9.759138042181e-01 -1.388101834652e-01
5.950048852975e-01 4.925699767011e-01 6.350936974374e-01
8.325941171873e-01 -5.528407748661e-01 -3.397224853617e-02
4.143118160083e-01 3.116632456442e-01 -8.551091979569e-01
1.682131052210e-01 9.759140268007e-01 -1.389106314344e-01
5.945463870557e-01 4.924408836640e-01 6.356229776646e-01
8.340344822292e-01 -5.508232725882e-01 -3.130822300780e-02
4.088465712593e-01 3.222479512363e-01 -8.538154010637e-01
1.439929332468e-01 9.776484905018e-01 -1.531974679770e-01
5.163327296383e-01 4.344832944626e-01 7.379869776204e-01
-3.780423336263e-01 -1.544866586359e-01 9.128076830800e-01
-7.007682418894e-01 7.132430043442e-01 1.443218325093e-02
-5.658620026051e-01 -3.988649035487e-01 -7.216002929079e-01
-1.569541704736e-01 -9.770292312738e-01 1.441501633976e-01
-4.521948931346e-01 -2.433884769986e-01 8.580686615226e-01
-7.987195634405e-01 6.013764827911e-01 1.983393362817e-02
-6.419523019938e-01 -4.114017533957e-01 -6.470284686688e-01
-1.668326621081e-01 -9.761186469672e-01 1.391375215278e-01
-4.556029413927e-01 -2.307913438856e-01 8.597449129723e-01
-7.957585468922e-01 6.051627461879e-01 2.337489410259e-02
-6.380522977196e-01 -4.146460271898e-01 -6.488127137398e-01
-1.670029918364e-01 -9.761616438843e-01 1.386306089100e-01
-4.551313111242e-01 -2.313541966882e-01 8.598434306949e-01
-7.957787948539e-01 6.051460776404e-01 2.311567384385e-02
-6.382017357493e-01 -4.143515797148e-01 -6.488538455418e-01
-1.669635511190e-01 -9.761601612748e-01 1.386885436423e-01
-4.551677072664e-01 -2.313369399565e-01 8.598288076550e-01
-7.957860272411e-01 6.051360089757e-01 2.313027212745e-02
-6.381984187588e-01 -4.143714074233e-01 -6.488444459219e-01
-1.669669854777e-01 -9.761601754652e-01 1.386843091204e-01
-4.551649463801e-01 -2.313372747609e-01 8.598301791011e-01
-7.957850876410e-01 6.051372810088e-01 2.312931951974e-02
-6.381982775403e-01 -4.143699304471e-01 -6.488455280619e-01
-1.669666194337e-01 -9.761602551237e-01 1.386841891197e-01
-4.551685691145e-01 -2.313365692479e-01 8.598284511569e-01
-7.957863318389e-01 6.051356279106e-01 2.312976203131e-02
-6.382008868248e-01 -4.143670484318e-01 -6.488448021137e-01
-1.669766758846e-01 -9.761560075104e-01 1.387019780387e-01
-4.551588416439e-01 -2.313844468906e-01 8.598207177142e-01
-7.958738521585e-01 6.050160564341e-01 2.324613747189e-02
-6.381031053368e-01 -4.147971126296e-01 -6.486661562882e-01
-1.663696472818e-01 -9.763519589934e-01 1.380506886367e-01
-4.515504719786e-01 -2.262690871372e-01 8.630784851113e-01
-7.852164790131e-01 6.190145790718e-01 1.600099943557e-02
-6.327477725921e-01 -4.009442070680e-01 -6.624756592497e-01
-8.872114202714e-02 -9.890461451458e-01 1.179672909312e-01
8.099194256541e-01 -5.846688106256e-01 -4.682847242657e-02
4.017753842148e-01 2.576309668297e-01 -8.787507186736e-01
1.774088680945e-01 9.776122988375e-01 -1.131383519552e-01
6.690824834394e-01 5.292902834199e-01 5.217091394942e-01
9.270584541920e-01 -3.705682396276e-01 -5.693682718979e-02
5.087674029664e-01 3.940063666085e-01 -7.654506599062e-01
2.597678665422e-01 9.541217204708e-01 -1.489039893283e-01
6.627331051631e-01 5.427396961973e-01 5.159636164427e-01
9.220815297518e-01 -3.812423873793e-01 -6.648228753516e-02
5.068332215873e-01 3.847336260755e-01 -7.714273280499e-01
2.540525984407e-01 9.559945415013e-01 -1.467368864507e-01
6.630357006361e-01 5.413722696110e-01 5.170103726022e-01
9.221582377737e-01 -3.812140739263e-01 -6.557449463510e-02
5.067301843969e-01 3.851915124982e-01 -7.712665031754e-01
2.543745810145e-01 9.558943181391e-01 -1.468319620622e-01
6.630293958723e-01 5.414630330053e-01 5.169234025443e-01
9.221656200858e-01 -3.811858241979e-01 -6.563487306550e-02
5.067462419895e-01 3.851728560176e-01 -7.712652703297e-01
2.543573887769e-01 9.558993626950e-01 -1.468289044221e-01
6.630289651901e-01 5.414570180136e-01 5.169302554143e-01
9.221641664099e-01 -3.811900664056e-01 -6.563065947502e-02
5.067443495925e-01 3.851735192040e-01 -7.712661824948e-01
2.543618143111e-01 9.558984209011e-01 -1.468273691761e-01
6.630321322980e-01 5.414634777235e-01 5.169194268278e-01
9.221713631615e-01 -3.811713676472e-01 -6.563814021410e-02
5.067503269321e-01 3.851780134811e-01 -7.712600106870e-01
2.543007606764e-01 9.559097157694e-01 -1.468595874195e-01
6.629649822194e-01 5.413481199815e-01 5.171263340262e-01
9.219977206402e-01 -3.816042359770e-01 -6.556226215340e-02
5.067487006084e-01 3.848418392583e-01 -7.714288775954e-01
2.554774872106e-01 9.557306129938e-01 -1.459803031746e-01
6.636538668554e-01 5.447332901964e-01 5.126686918076e-01
9.262905650534e-01 -3.707063088110e-01 -6.754718129361e-02
5.076588141612e-01 3.925045003289e-01 -7.669568081880e-01
2.250488719321e-01 9.604794702751e-01 -1.638053491868e-01
5.763935968130e-01 4.893673015757e-01 6.544387409846e-01
