-3.974955369911e-01 -2.106207662383e-01 8.931048039851e-01
-7.913976463866e-01 6.083481851513e-01 6.001875470881e-02
-5.781882417685e-01 -4.804778077976e-01 -6.594235613736e-01
-2.858730788945e-01 -9.447594303337e-01 1.603315363829e-01
-5.133137781347e-01 -3.469042801100e-01 7.849626651112e-01
-9.232109875178e-01 3.784323511078e-01 6.686126054343e-02
-6.715931741622e-01 -5.076320753501e-01 -5.396964744137e-01
-3.001610373223e-01 -9.420773979965e-01 1.496446719993e-01
-5.077088324126e-01 -3.421962441163e-01 7.906538256424e-01
-9.187975193113e-01 3.894846479720e-01 6.413133010862e-02
-6.697299719883e-01 -5.042981113824e-01 -5.451102452501e-01
-2.989087469692e-01 -9.423180951106e-01 1.506325615943e-01
-5.077895731773e-01 -3.424467607854e-01 7.904934948499e-01
-9.189708889597e-01 3.890476996918e-01 6.429924267906e-02
-6.697988210556e-01 -5.044619557488e-01 -5.448739987508e-01
-2.989894145040e-01 -9.422990013029e-01 1.505919060178e-01
-5.077907673659e-01 -3.424473719401e-01 7.904924629807e-01
-9.189677351304e-01 3.890569334210e-01 6.428844644540e-02
-6.697986362618e-01 -5.044545696959e-01 -5.448810640634e-01
-2.989858128608e-01 -9.422998657163e-01 1.505936478710e-01
-5.077913702181e-01 -3.424486750127e-01 7.904915112220e-01
-9.189692209119e-01 3.890534565477e-01 6.428824904105e-02
-6.697991799039e-01 -5.044554627521e-01 -5.448795689871e-01
-2.989741780178e-01 -9.423052708276e-01 1.505829254897e-01
-5.077548340385e-01 -3.424070014142e-01 7.905330315003e-01
-9.189220258231e-01 3.891675540996e-01 6.427227468652e-02
-6.697722930212e-01 -5.044022082606e-01 -5.449619140848e-01
-2.991056640824e-01 -9.422308160451e-01 1.507875691451e-01
-5.086984893940e-01 -3.431469780917e-01 7.896049634563e-01
-9.200002810629e-01 3.864688455377e-01 6.512537349595e-02
-6.705689034250e-01 -5.059645812088e-01 -5.425285138328e-01
-3.000149122291e-01 -9.422983091178e-01 1.485427516706e-01
-4.887621774428e-01 -3.383058850902e-01 8.041521385998e-01
-8.996492229539e-01 4.354819462858e-01 3.141257865158e-02
-6.571308433161e-01 -4.618113737520e-01 -5.957426540344e-01
-1.667583241154e-01 -9.785623398887e-01 1.208611115690e-01
7.280576410611e-01 -6.850686910405e-01 -2.475802594320e-02
3.593812564383e-01 1.739789290545e-01 -9.168295614594e-01
1.126599843193e-01 9.880749437500e-01 -1.049553879828e-01
6.410754709532e-01 4.748302129582e-01 6.029581323809e-01
8.457539054501e-01 -5.322117988490e-01 -3.809110896025e-02
4.661008579241e-01 2.960289870452e-01 -8.337366665029e-01
1.646899164808e-01 9.765853398306e-01 -1.384135305437e-01
6.393862621373e-01 4.721329603724e-01 6.068572118053e-01
8.464313020637e-01 -5.311220258942e-01 -3.825499309664e-02
4.645352563145e-01 2.973191277243e-01 -8.341512644180e-01
1.646671054381e-01 9.765820932156e-01 -1.384635677619e-01
6.394286694606e-01 4.720841448555e-01 6.068505061776e-01
8.464245400053e-01 -5.311330470498e-01 -3.825159354200e-02
4.646123727910e-01 2.972624384405e-01 -8.341285187199e-01
1.646697188760e-01 9.765826692613e-01 -1.384563966880e-01
6.394299584722e-01 4.720861153840e-01 6.068476150319e-01
8.464260448840e-01 -5.311306402842e-01 -3.825171229364e-02
4.646099868600e-01 2.972665289715e-01 -8.341283899156e-01
1.646699551655e-01 9.765825081385e-01 -1.384572521169e-01
6.394305451986e-01 4.720855758975e-01 6.068474164866e-01
8.464263435223e-01 -5.311301803151e-01 -3.825149082038e-02
4.646103430036e-01 2.972670777103e-01 -8.341279959836e-01
1.646671449935e-01 9.765828193795e-01 -1.384583989961e-01
6.394092818766e-01 4.720862322435e-01 6.068693101288e-01
8.464072397629e-01 -5.311606859688e-01 -3.825062297800e-02
4.645820315168e-01 2.972455709341e-01 -8.341514290294e-01
1.647570135491e-01 9.765765596200e-01 -1.383956274137e-01
6.398548249377e-01 4.722294567186e-01 6.062880035191e-01
8.469208774327e-01 -5.303352555454e-01 -3.833463309130e-02
4.654328914258e-01 2.977887751667e-01 -8.334830945879e-01
1.628335578709e-01 9.766082178694e-01 -1.404336897652e-01
6.364605607067e-01 4.652903037572e-01 6.151608634287e-01
8.422035302773e-01 -5.383206551077e-01 -3.006802076739e-02
4.442290219898e-01 3.109576892283e-01 -8.402177643515e-01
1.348514796027e-01 9.791734071572e-01 -1.517712659402e-01
5.304727599628e-01 4.272136168706e-01 7.321797432993e-01
-3.360619707684e-01 -1.466009757079e-01 9.303604171098e-01
-6.801502538974e-01 7.329953340248e-01 1.065234346018e-02
-5.348256005550e-01 -3.956581886378e-01 -7.466030905072e-01
-1.553087694362e-01 -9.777393398367e-01 1.410849725233e-01
-4.160212832323e-01 -2.237470959568e-01 8.813986209138e-01
-7.756994762546e-01 6.308688647238e-01 1.716968434233e-02
-6.057196932878e-01 -4.115519549348e-01 -6.809762415479e-01
-1.663452504748e-01 -9.762878212969e-01 1.385328395432e-01
-4.163323942910e-01 -2.216740489632e-01 8.817754552493e-01
-7.752302485656e-01 6.314375622146e-01 1.745470519362e-02
-6.059147137137e-01 -4.113052408111e-01 -6.809518034241e-01
-1.662988874623e-01 -9.762833445009e-01 1.386200248122e-01
-4.163230238191e-01 -2.217196899155e-01 8.817684043681e-01
-7.752393648093e-01 6.314265781797e-01 1.744716648298e-02
-6.059131723735e-01 -4.113083470101e-01 -6.809512987167e-01
-1.663002009445e-01 -9.762833218952e-01 1.386186082569e-01
-4.163236666000e-01 -2.217187246217e-01 8.817683436033e-01
-7.752394166945e-01 6.314265065512e-01 1.744745332931e-02
-6.059132940513e-01 -4.113084695728e-01 -6.809511164170e-01
-1.663002910394e-01 -9.762832921575e-01 1.386187096116e-01
-4.163233127703e-01 -2.217188301697e-01 8.817684841228e-01
-7.752388754119e-01 6.314271935742e-01 1.744664051124e-02
-6.059134931722e-01 -4.113065444593e-01 -6.809521020431e-01
-1.662945677706e-01 -9.762846426476e-01 1.386160642224e-01
-4.163381041766e-01 -2.217193971759e-01 8.817613576964e-01
-7.752638651574e-01 6.313957399923e-01 1.747452147425e-02
-6.059105232399e-01 -4.113690243056e-01 -6.809170020414e-01
-1.664518167208e-01 -9.762512003091e-01 1.386628522907e-01
-4.160261951395e-01 -2.215847813509e-01 8.819423958692e-01
-7.746719549619e-01 6.321339096908e-01 1.703180596836e-02
-6.056619124396e-01 -4.107934542739e-01 -6.814854259232e-01
-1.622480162720e-01 -9.770898190738e-01 1.377354953455e-01
-4.084421633255e-01 -2.152814332469e-01 8.870337669543e-01
-7.593087414398e-01 6.507147462964e-01 4.533665793737e-03
-5.990008713589e-01 -3.853707224012e-01 -7.019169198896e-01
-7.854061656371e-02 -9.896596160031e-01 1.200217313757e-01
7.239417464998e-01 -6.896445064818e-01 -1.728590045033e-02
3.250802182532e-01 1.943132061314e-01 -9.255080926839e-01
1.103859819025e-01 9.879405046609e-01 -1.085748324883e-01
5.971105439385e-01 4.898223382433e-01 6.352425326404e-01
8.285763253394e-01 -5.589800266268e-01 -3.166390562445e-02
4.148527622902e-01 3.075499620850e-01 -8.563353352757e-01
1.600844157895e-01 9.774129520006e-01 -1.379742768879e-01
5.966118608469e-01 4.896589048975e-01 6.358368063831e-01
8.308036707926e-01 -5.555626789673e-01 -3.339716060018e-02
4.156932665452e-01 3.087141739299e-01 -8.555084260040e-01
1.602161922004e-01 9.773855125128e-01 -1.380156936251e-01
5.966178116327e-01 4.896311788398e-01 6.358525737548e-01
8.307794480256e-01 -5.555996649322e-01 -3.338444346516e-02
4.156838589186e-01 3.086984619346e-01 -8.555186666776e-01
1.602162026017e-01 9.773857162023e-01 -1.380142390755e-01
5.966177508816e-01 4.896324172725e-01 6.358516771141e-01
8.307802130484e-01 -5.555984778551e-01 -3.338516155882e-02
4.156842518737e-01 3.086988332905e-01 -8.555183417492e-01
1.602161948698e-01 9.773857106435e-01 -1.380142874176e-01
5.966178327095e-01 4.896322277654e-01 6.358517462636e-01
8.307803009618e-01 -5.555983593499e-01 -3.338494603175e-02
4.156839711495e-01 3.086994068720e-01 -8.555182711820e-01
1.602170468300e-01 9.773857325389e-01 -1.380131433394e-01
5.966164311566e-01 4.896373274973e-01 6.358491343041e-01
8.307768517514e-01 -5.556030129209e-01 -3.339333207661e-02
4.156956852576e-01 3.086749196970e-01 -8.555214148157e-01
1.602030761205e-01 9.773869195915e-01 -1.380209542534e-01
5.965843229553e-01 4.895985851314e-01 6.359090902333e-01
8.308016199120e-01 -5.555707808238e-01 -3.331329834315e-02
4.155504983197e-01 3.089089132865e-01 -8.555074906969e-01
1.598987415446e-01 9.773967427464e-01 -1.383040119493e-01
5.949007647573e-01 4.890714974893e-01 6.378888229423e-01
8.309541258138e-01 -5.555522999536e-01 -2.961220709979e-02
4.060174914304e-01 3.205422617500e-01 -8.558051501859e-01
1.324807276913e-01 9.792866198658e-01 -1.531227381621e-01
5.112880677166e-01 4.296253807594e-01 7.443161586436e-01
-3.383866365410e-01 -1.475140056456e-01 9.293729619205e-01
-6.827785292764e-01 7.305626137729e-01 9.578481950740e-03
-5.377336890791e-01 -3.921398223513e-01 -7.463704437849e-01
-1.486227733571e-01 -9.787840810315e-01 1.410425253568e-01
-4.177479344103e-01 -2.216547101181e-01 8.811105792001e-01
-7.765946458406e-01 6.297639262947e-01 1.726711295089e-02
-6.075828391839e-01 -4.089864169749e-01 -6.808621037033e-01
-1.603559499210e-01 -9.773714933441e-01 1.379526488447e-01
-4.181876286355e-01 -2.192321131793e-01 8.815080191394e-01
-7.760589823057e-01 6.304126279979e-01 1.767411789923e-02
-6.077329860760e-01 -4.087975085082e-01 -6.808415488736e-01
-1.603078825393e-01 -9.773690617069e-01 1.380257222907e-01
-4.181864612892e-01 -2.192621564235e-01 8.815011005977e-01
-7.760681441000e-01 6.304014100346e-01 1.767195347354e-02
-6.077306884919e-01 -4.088044021647e-01 -6.808394605456e-01
-1.603093701598e-01 -9.773691271303e-01 1.380235312241e-01
-4.181870014170e-01 -2.192606905835e-01 8.815012089673e-01
-7.760678698803e-01 6.304017384595e-01 1.767228017988e-02
-6.077306990703e-01 -4.088044352586e-01 -6.808394312321e-01
-1.603094392698e-01 -9.773691094715e-01 1.380235760003e-01
-4.181869079984e-01 -2.192609323516e-01 8.815011931490e-01
-7.760678472143e-01 6.304017807257e-01 1.767176782576e-02
-6.077309945049e-01 -4.088032549978e-01 -6.808398761979e-01
-1.603075149603e-01 -9.773694712770e-01 1.380232489946e-01
-4.181849284019e-01 -2.192605764229e-01 8.815022208050e-01
-7.760652677510e-01 6.304049776623e-01 1.767100249193e-02
-6.077311251782e-01 -4.088000112635e-01 -6.808417072129e-01
-1.603158404032e-01 -9.773653985078e-01 1.380424178122e-01
-4.182140524721e-01 -2.192748933220e-01 8.814848424525e-01
-7.760979115567e-01 6.303644983868e-01 1.768137016557e-02
-6.076842316579e-01 -4.089998741237e-01 -6.807635254339e-01
-1.586176630811e-01 -9.777504438734e-01 1.372752944418e-01
-4.105098936000e-01 -2.133804727663e-01 8.865384374626e-01
-7.607633315170e-01 6.490005247618e-01 6.121460455409e-03
-5.999621544328e-01 -3.866971232517e-01 -7.003647250663e-01
-7.883622542524e-02 -9.896268304522e-01 1.200982348325e-01
7.250999341769e-01 -6.884422331087e-01 -1.665464286418e-02
3.248787653064e-01 1.977415990369e-01 -9.248524465358e-01
1.110449800525e-01 9.878063473271e-01 -1.091220994365e-01
5.970077015884e-01 4.912015426043e-01 6.342734810689e-01
8.293725963284e-01 -5.577930940037e-01 -3.174839746049e-02
4.147049335317e-01 3.096177860245e-01 -8.556615246006e-01
1.606605841263e-01 9.773077086268e-01 -1.380500610894e-01
5.962931019729e-01 4.914339114107e-01 6.347655057224e-01
8.316056817468e-01 -5.543469618381e-01 -3.363682486977e-02
4.155783761873e-01 3.107167996513e-01 -8.548389811303e-01
1.607857336283e-01 9.772838884617e-01 -1.380729851010e-01
5.962935068408e-01 4.914193348739e-01 6.347764102513e-01
8.315823622174e-01 -5.543823908250e-01 -3.362944531267e-02
4.155712165493e-01 3.106987110769e-01 -8.548490363280e-01
1.607856860707e-01 9.772841736250e-01 -1.380710220752e-01
5.962932845423e-01 4.914208119308e-01 6.347754755904e-01
8.315831186766e-01 -5.543812079740e-01 -3.363023903352e-02
4.155715751293e-01 3.106990637411e-01 -8.548487338325e-01
1.607856776458e-01 9.772841697926e-01 -1.380710590125e-01
5.962934052261e-01 4.914206350700e-01 6.347754991422e-01
8.315832246946e-01 -5.543810653713e-01 -3.362996824786e-02
4.155712274204e-01 3.106998284480e-01 -8.548486249288e-01
1.607855537017e-01 9.772841357872e-01 -1.380714440405e-01
5.962932377742e-01 4.914197617445e-01 6.347763325391e-01
8.315827048749e-01 -5.543818753250e-01 -3.362947017169e-02
4.155699119162e-01 3.106997493237e-01 -8.548492931975e-01
1.607898148501e-01 9.772840498110e-01 -1.380670903054e-01
5.963054896961e-01 4.914375220881e-01 6.347510731320e-01
8.316057263805e-01 -5.543463921522e-01 -3.364510899022e-02
4.156293368757e-01 3.106964135716e-01 -8.548216146788e-01
1.604252198189e-01 9.773062056981e-01 -1.383341214236e-01
5.945425852855e-01 4.907568305985e-01 6.369276626925e-01
8.313899012797e-01 -5.548569345784e-01 -3.040746948328e-02
4.069493815196e-01 3.203550938720e-01 -8.554325307767e-01
1.326874783025e-01 9.792814404253e-01 -1.529767745125e-01
5.120816282140e-01 4.300926235918e-01 7.435003303144e-01
-3.385697386898e-01 -1.475050299332e-01 9.293076983367e-01
-6.830516041623e-01 7.303055119374e-01 9.714179592504e-03
-5.378025387875e-01 -3.923720857013e-01 -7.461987507602e-01
-1.490982847940e-01 -9.787042986630e-01 1.410942849663e-01
-4.179233794056e-01 -2.218232082504e-01 8.809849676514e-01
-7.768718930734e-01 6.294195929464e-01 1.735043998843e-02
-6.077022289520e-01 -4.091429426694e-01 -6.806614822293e-01
-1.608327850536e-01 -9.772866851244e-01 1.379983707530e-01
-4.183451989434e-01 -2.194158297348e-01 8.813875357542e-01
-7.763303431875e-01 6.300763397151e-01 1.774836267214e-02
-6.078516298983e-01 -4.089449372758e-01 -6.806470702989e-01
-1.607837088102e-01 -9.772842035057e-01 1.380731130942e-01
-4.183435097803e-01 -2.194475236369e-01 8.813804469095e-01
-7.763397258138e-01 6.300648527123e-01 1.774574596722e-02
-6.078494881111e-01 -4.089515828533e-01 -6.806449902004e-01
-1.607851759217e-01 -9.772842664930e-01 1.380709588188e-01
-4.183440352238e-01 -2.194460882767e-01 8.813805548869e-01
-7.763394512883e-01 6.300651821352e-01 1.774605968584e-02
-6.078494908041e-01 -4.089516135020e-01 -6.806449693807e-01
-1.607852036577e-01 -9.772842575553e-01 1.380709897820e-01
-4.183440564332e-01 -2.194460681714e-01 8.813805498258e-01
-7.763394516480e-01 6.300651814985e-01 1.774606655447e-02
-6.078495156578e-01 -4.089515916556e-01 -6.806449603111e-01
-1.607850641062e-01 -9.772842802988e-01 1.380709913096e-01
-4.183432276880e-01 -2.194467379296e-01 8.813807764296e-01
-7.763387162451e-01 6.300661596545e-01 1.774350915672e-02
-6.078510659868e-01 -4.089443509796e-01 -6.806479261561e-01
-1.607888896255e-01 -9.772815745896e-01 1.380856869510e-01
-4.183397642171e-01 -2.194649166513e-01 8.813778940012e-01
-7.763307719963e-01 6.300766778861e-01 1.771757420588e-02
-6.078006383779e-01 -4.090659207485e-01 -6.806199060192e-01
-1.589009294727e-01 -9.777041985421e-01 1.372770729794e-01
-4.105016144236e-01 -2.135212538664e-01 8.865083748634e-01
-7.608259949695e-01 6.489269885044e-01 6.129353088164e-03
-5.999446115901e-01 -3.868103459897e-01 -7.003172275899e-01
-7.920290715161e-02 -9.895924019041e-01 1.201406575324e-01
7.250920783518e-01 -6.884488496204e-01 -1.672301909917e-02
3.249503048968e-01 1.976345458966e-01 -9.248501963106e-01
1.110391909549e-01 9.878103804880e-01 -1.090914766248e-01
5.970478724548e-01 4.912058363593e-01 6.342323425400e-01
8.293877038407e-01 -5.577698203476e-01 -3.176262311755e-02
4.147625015196e-01 3.096015395775e-01 -8.556395000375e-01
1.606628022780e-01 9.773074716922e-01 -1.380491569653e-01
5.963380848580e-01 4.914167479949e-01 6.347365345858e-01
8.316171654331e-01 -5.543294946926e-01 -3.364077096020e-02
4.156300046305e-01 3.107042811423e-01 -8.548184303878e-01
1.607878854901e-01 9.772835113828e-01 -1.380731482184e-01
5.963390032046e-01 4.914011010424e-01 6.347477854639e-01
8.315937854799e-01 -5.543650428700e-01 -3.363294805479e-02
4.156226972856e-01 3.106864038865e-01 -8.548284810072e-01
1.607878449331e-01 9.772837883150e-01 -1.380712353045e-01
5.963387924158e-01 4.914025493878e-01 6.347468622334e-01
8.315945382828e-01 -5.543638658782e-01 -3.363373465385e-02
4.156230537637e-01 3.106867454298e-01 -8.548281835517e-01
1.607878610731e-01 9.772837863522e-01 -1.380712304014e-01
5.963387895561e-01 4.914025587055e-01 6.347468577067e-01
8.315945532995e-01 -5.543638441251e-01 -3.363372190904e-02
4.156230556014e-01 3.106868142529e-01 -8.548281576445e-01
1.607877097748e-01 9.772837801382e-01 -1.380714505757e-01
5.963390569441e-01 4.914016354500e-01 6.347473212548e-01
8.315946358229e-01 -5.543638097593e-01 -3.363224791261e-02
4.156202173865e-01 3.106904170764e-01 -8.548282281468e-01
1.607894102880e-01 9.772834440426e-01 -1.380718491929e-01
5.963548255552e-01 4.914032938521e-01 6.347312225094e-01
8.316201291575e-01 -5.543256870284e-01 -3.363024651397e-02
4.156554866744e-01 3.107259165595e-01 -8.547981756975e-01
1.604182109603e-01 9.773040560032e-01 -1.383574346107e-01
5.945733556321e-01 4.906851777651e-01 6.369541436352e-01
8.313665290000e-01 -5.548924555675e-01 -3.039830937252e-02
4.069652859230e-01 3.202849048802e-01 -8.554512468630e-01
1.326931802360e-01 9.792865197178e-01 -1.529393089362e-01
5.120522579230e-01 4.301900203368e-01 7.434642100051e-01
-3.385602263672e-01 -1.475115969171e-01 9.293101214865e-01
-6.830434044377e-01 7.303132508313e-01 9.708929618331e-03
-5.377995595817e-01 -3.923671571658e-01 -7.462034894661e-01
-1.491018215020e-01 -9.787036925301e-01 1.410947520382e-01
-4.179195994772e-01 -2.218248847504e-01 8.809863386445e-01
-7.768686517240e-01 6.294236324418e-01 1.734903144924e-02
-6.076996478973e-01 -4.091431955716e-01 -6.806636345971e-01
-1.608353918799e-01 -9.772862042233e-01 1.379987382321e-01
-4.183420209602e-01 -2.194163759245e-01 8.813889081870e-01
-7.763271311950e-01 6.300803237423e-01 1.774742244155e-02
-6.078489422654e-01 -4.089456669967e-01 -6.806490320506e-01
-1.607863177572e-01 -9.772837364049e-01 1.380733811439e-01
-4.183404021541e-01 -2.194478968262e-01 8.813818290072e-01
-7.763364941202e-01 6.300688593979e-01 1.774486726239e-02
-6.078467893726e-01 -4.089523537604e-01 -6.806469371144e-01
-1.607877910717e-01 -9.772837985278e-01 1.380712257402e-01
-4.183409352970e-01 -2.194464920873e-01 8.813819257084e-01
-7.763362327298e-01 6.300691731341e-01 1.774516319784e-02
-6.078468173437e-01 -4.089523509528e-01 -6.806469138219e-01
-1.607877833080e-01 -9.772837977311e-01 1.380712404206e-01
-4.183409244342e-01 -2.194464676268e-01 8.813819369545e-01
-7.763362029482e-01 6.300692093055e-01 1.774518180356e-02
-6.078467801140e-01 -4.089524337722e-01 -6.806468973094e-01
-1.607877265938e-01 -9.772838086729e-01 1.380712290178e-01
-4.183401375092e-01 -2.194463243016e-01 8.813823461468e-01
-7.763349899396e-01 6.300707604968e-01 1.774317227537e-02
-6.078475896278e-01 -4.089464508523e-01 -6.806497690582e-01
-1.607917621710e-01 -9.772809563083e-01 1.380867178806e-01
-4.183377344600e-01 -2.194617615253e-01 8.813796430342e-01
-7.763260195925e-01 6.300825491365e-01 1.771701378059e-02
-6.077973179693e-01 -4.090646325722e-01 -6.806236453782e-01
-1.588885413959e-01 -9.777063282521e-01 1.372762437892e-01
-4.104983734390e-01 -2.135233213259e-01 8.865093776458e-01
-7.608243547825e-01 6.489289697093e-01 6.123188861350e-03
-5.999487504945e-01 -3.867978906341e-01 -7.003205613011e-01
-7.919985539798e-02 -9.895926350606e-01 1.201407488686e-01
7.250909979829e-01 -6.884500840606e-01 -1.671904306677e-02
3.249470322662e-01 1.976366303494e-01 -9.248509007216e-01
1.110391402701e-01 9.878102720622e-01 -1.090925099927e-01
5.970479236233e-01 4.912034817751e-01 6.342341179636e-01
8.293867365897e-01 -5.577713008661e-01 -3.176188123006e-02
4.147616203137e-01 3.096003354333e-01 -8.556403628946e-01
1.606624683994e-01 9.773075272680e-01 -1.380491520909e-01
5.963379360584e-01 4.914152862778e-01 6.347378060507e-01
8.316164521929e-01 -5.543305810481e-01 -3.364050173437e-02
4.156295120900e-01 3.107027851019e-01 -8.548192136410e-01
1.607876517402e-01 9.772835521573e-01 -1.380731318207e-01
5.963387972801e-01 4.913998202696e-01 6.347489704581e-01
8.315931153933e-01 -5.543660612145e-01 -3.363273114063e-02
4.156222662371e-01 3.106848965370e-01 -8.548292384282e-01
1.607877230928e-01 9.772838108148e-01 -1.380712179344e-01
5.963386343853e-01 4.914012629530e-01 6.347480066197e-01
8.315939248135e-01 -5.543647981152e-01 -3.363353719065e-02
4.156226330353e-01 3.106852922258e-01 -8.548289162770e-01
1.607877130979e-01 9.772838116429e-01 -1.380712237126e-01
5.963386200674e-01 4.914012625834e-01 6.347480203574e-01
8.315939151832e-01 -5.543648125185e-01 -3.363353789979e-02
4.156226591549e-01 3.106852563914e-01 -8.548289166014e-01
1.607876113511e-01 9.772838121022e-01 -1.380713389483e-01
5.963385415324e-01 4.914007813438e-01 6.347484666998e-01
8.315938276022e-01 -5.543650065200e-01 -3.363250570529e-02
4.156202154089e-01 3.106877706479e-01 -8.548291909576e-01
1.607895122802e-01 9.772835357330e-01 -1.380710814250e-01
5.963535249855e-01 4.914043265642e-01 6.347316449267e-01
8.316199084414e-01 -5.543259849860e-01 -3.363079322906e-02
4.156551888483e-01 3.107249901249e-01 -8.547986572845e-01
1.604181553936e-01 9.773040161960e-01 -1.383577802197e-01
5.945750906436e-01 4.906826291106e-01 6.369544874441e-01
8.313678824483e-01 -5.548906063224e-01 -3.039504973704e-02
4.069611373072e-01 3.202936732314e-01 -8.554499375239e-01
1.326928420977e-01 9.792859619383e-01 -1.529431737824e-01
5.120543931270e-01 4.301816207358e-01 7.434675996037e-01
-3.385617744391e-01 -1.475128046857e-01 9.293093657886e-01
-6.830446082512e-01 7.303121157326e-01 9.709621679900e-03
-5.378000943624e-01 -3.923693404509e-01 -7.462019560266e-01
-1.491016456660e-01 -9.787038687392e-01 1.410937155746e-01
-4.179214154887e-01 -2.218228278570e-01 8.809859950745e-01
-7.768687504486e-01 6.294234718240e-01 1.735043784573e-02
-6.076995699292e-01 -4.091451660028e-01 -6.806625197882e-01
-1.608353863329e-01 -9.772862386535e-01 1.379985008676e-01
-4.183423942994e-01 -2.194173817749e-01 8.813884805844e-01
-7.763276801918e-01 6.300796430080e-01 1.774757546519e-02
-6.078490068821e-01 -4.089467446410e-01 -6.806483268767e-01
-1.607862945058e-01 -9.772837184541e-01 1.380735352760e-01
-4.183403637086e-01 -2.194496996440e-01 8.813813983846e-01
-7.763373554431e-01 6.300677869820e-01 1.774526278415e-02
-6.078464295043e-01 -4.089544381392e-01 -6.806460061332e-01
-1.607878989075e-01 -9.772838004156e-01 1.380710868002e-01
-4.183409034618e-01 -2.194481034557e-01 8.813815396186e-01
-7.763370005619e-01 6.300682180705e-01 1.774548213028e-02
-6.078465028939e-01 -4.089541601972e-01 -6.806461075898e-01
-1.607878627012e-01 -9.772837863101e-01 1.380712288036e-01
-4.183408167918e-01 -2.194483518263e-01 8.813815189160e-01
-7.763370309751e-01 6.300681831811e-01 1.774539037494e-02
-6.078465461204e-01 -4.089541139094e-01 -6.806460967978e-01
-1.607877653790e-01 -9.772838025968e-01 1.380712268588e-01
-4.183400196894e-01 -2.194483514457e-01 8.813818973487e-01
-7.763359063921e-01 6.300696260475e-01 1.774335872079e-02
-6.078474316851e-01 -4.089481304933e-01 -6.806489009467e-01
-1.607920947997e-01 -9.772809006995e-01 1.380867241192e-01
-4.183376959693e-01 -2.194636565398e-01 8.813791894464e-01
-7.763269315680e-01 6.300814138336e-01 1.771742824561e-02
-6.077969150268e-01 -4.090669120069e-01 -6.806226352282e-01
-1.588893962332e-01 -9.777061742840e-01 1.372763509554e-01
-4.104989162090e-01 -2.135245220355e-01 8.865088371137e-01
-7.608254345907e-01 6.489276939668e-01 6.124220999382e-03
-5.999483829016e-01 -3.868008773245e-01 -7.003192266065e-01
-7.919998532719e-02 -9.895926457613e-01 1.201405750746e-01
7.250948301087e-01 -6.884460570375e-01 -1.671866918319e-02
3.249512755560e-01 1.976368778979e-01 -9.248493569276e-01
1.110404186235e-01 9.878101099577e-01 -1.090926766434e-01
5.970484922522e-01 4.912075112280e-01 6.342304619084e-01
8.293900627316e-01 -5.577662241129e-01 -3.176417921113e-02
4.147656071657e-01 3.095998085534e-01 -8.556386209471e-01
1.606637014496e-01 9.773073178198e-01 -1.380491998250e-01
5.963400425551e-01 4.914147794093e-01 6.347362194041e-01
8.316173653071e-01 -5.543291125735e-01 -3.364212646611e-02
4.156316552442e-01 3.107017706470e-01 -8.548185403206e-01
1.607773972852e-01 9.772853939806e-01 -1.380720363958e-01
5.963407794733e-01 4.913975765102e-01 6.347488452428e-01
8.315924906804e-01 -5.543670094953e-01 -3.363254714172e-02
4.156247251347e-01 3.106821705161e-01 -8.548290336554e-01
1.607781597991e-01 9.772855087703e-01 -1.380703359854e-01
5.963405673524e-01 4.913991240246e-01 6.347478465010e-01
8.315931252108e-01 -5.543660069811e-01 -3.363338231395e-02
4.156247905965e-01 3.106827898185e-01 -8.548287767455e-01
1.607778201652e-01 9.772855791238e-01 -1.380702335027e-01
5.963407189022e-01 4.913988419404e-01 6.347479225006e-01
8.315931662554e-01 -5.543659506034e-01 -3.363329673024e-02
4.156247739950e-01 3.106829009872e-01 -8.548287444136e-01
1.607777020537e-01 9.772855782277e-01 -1.380703773820e-01
5.963406960632e-01 4.913982767413e-01 6.347483815139e-01
8.315930851234e-01 -5.543661371957e-01 -3.363222718816e-02
4.156223237005e-01 3.106854534910e-01 -8.548290080659e-01
1.607796147290e-01 9.772853015763e-01 -1.380701083162e-01
5.963555946707e-01 4.914019317975e-01 6.347315543840e-01
8.316190983921e-01 -5.543272073867e-01 -3.363067558659e-02
4.156574824344e-01 3.107221970426e-01 -8.547985572995e-01
1.604082204514e-01 9.773058137932e-01 -1.383566013515e-01
5.945770389935e-01 4.906810512207e-01 6.369538842606e-01
8.313676377067e-01 -5.548909657881e-01 -3.039518153793e-02
4.069643732734e-01 3.202907869276e-01 -8.554494787511e-01
1.326832916287e-01 9.792874118119e-01 -1.529421759664e-01
5.120579804373e-01 4.301820340383e-01 7.434648897299e-01
-3.385103911965e-01 -1.475413596765e-01 9.293235508889e-01
-6.830463205582e-01 7.303107257839e-01 9.693697794608e-03
-5.377791190097e-01 -3.923525436669e-01 -7.462259045593e-01
-1.491032310616e-01 -9.787017313572e-01 1.411068656213e-01
-4.178817548445e-01 -2.218595756048e-01 8.809955548586e-01
-7.768735318624e-01 6.294176009086e-01 1.734932730955e-02
-6.076640670321e-01 -4.091766712306e-01 -6.806752774698e-01
-1.608340899201e-01 -9.772885091113e-01 1.379839319576e-01
-4.182882521467e-01 -2.193823714377e-01 8.814228912494e-01
-7.762989739659e-01 6.301151621683e-01 1.774219335459e-02
-6.077989457465e-01 -4.089325655685e-01 -6.807015486739e-01
-1.607778918369e-01 -9.772847889539e-01 1.380757428943e-01
-4.182750582971e-01 -2.194369259936e-01 8.814155723137e-01
-7.763127070172e-01 6.300984323463e-01 1.773545822156e-02
-6.077953986303e-01 -4.089425932953e-01 -6.806986916344e-01
-1.607793364365e-01 -9.772852460980e-01 1.380708250651e-01
-4.182777820960e-01 -2.194283601517e-01 8.814164122400e-01
-7.763110158997e-01 6.301004380167e-01 1.773822437183e-02
-6.077942743710e-01 -4.089443595164e-01 -6.806986343908e-01
-1.607794589112e-01 -9.772852853620e-01 1.380704045302e-01
-4.182779210125e-01 -2.194280095604e-01 8.814164335964e-01
-7.763109400883e-01 6.301005292098e-01 1.773830287045e-02
-6.077942542645e-01 -4.089443873833e-01 -6.806986356023e-01
-1.607793674292e-01 -9.772853016533e-01 1.380703957464e-01
-4.182771110552e-01 -2.194280248524e-01 8.814168141558e-01
-7.763098089455e-01 6.301019810682e-01 1.773623379045e-02
-6.077951800984e-01 -4.089383030800e-01 -6.807014641700e-01
-1.607836666982e-01 -9.772823918787e-01 1.380859842526e-01
-4.182743502732e-01 -2.194437389213e-01 8.814142121340e-01
-7.763005042465e-01 6.301142013754e-01 1.770932894631e-02
-6.077453891659e-01 -4.090547070817e-01 -6.806759791280e-01
-1.588813097272e-01 -9.777072506217e-01 1.372780444975e-01
-4.104294109918e-01 -2.135118420332e-01 8.865440721727e-01
-7.607980032533e-01 6.489600006418e-01 6.108667024767e-03
-5.998952697364e-01 -3.867768396408e-01 -7.003779991300e-01
-7.919798477099e-02 -9.895909928485e-01 1.201555079111e-01
7.248098597107e-01 -6.887476988311e-01 -1.665156512147e-02
3.248439996523e-01 1.975589716032e-01 -9.249036861366e-01
1.107122648056e-01 9.878505415149e-01 -1.090600845879e-01
5.970200654434e-01 4.910971104143e-01 6.343427067450e-01
8.292389343016e-01 -5.579944301867e-01 -3.170182516867e-02
4.147036712316e-01 3.094796172482e-01 -8.557121195677e-01
1.604307338871e-01 9.773469974553e-01 -1.380392197511e-01
5.962135698263e-01 4.913371360659e-01 6.349151107648e-01
8.313441623490e-01 -5.547432262162e-01 -3.356838833650e-02
4.154622120185e-01 3.105707871172e-01 -8.549484993694e-01
1.604485629766e-01 9.773443223423e-01 -1.380374377625e-01
5.962161457677e-01 4.912886606335e-01 6.349502023457e-01
8.313116852903e-01 -5.547934143090e-01 -3.354324580501e-02
4.154535359905e-01 3.105444282721e-01 -8.549622901053e-01
1.604661522343e-01 9.773411433767e-01 -1.380394996013e-01
5.962114263097e-01 4.912987848748e-01 6.349468002268e-01
8.313129327583e-01 -5.547912802164e-01 -3.354762621285e-02
4.154551395104e-01 3.105428456964e-01 -8.549620857332e-01
1.604661348975e-01 9.773411916697e-01 -1.380391778329e-01
5.962113735029e-01 4.912991160370e-01 6.349465935707e-01
8.313129369438e-01 -5.547912693071e-01 -3.354770290896e-02
4.154551481966e-01 3.105428831286e-01 -8.549620679159e-01
1.604659890515e-01 9.773411970832e-01 -1.380393090454e-01
5.962113583137e-01 4.912985255678e-01 6.349470647169e-01
8.313128680385e-01 -5.547914391142e-01 -3.354660220107e-02
4.154526654746e-01 3.105455339434e-01 -8.549623115073e-01
1.604678447166e-01 9.773409146057e-01 -1.380391518725e-01
5.962264164102e-01 4.913015839838e-01 6.349305583681e-01
8.313388303959e-01 -5.547526803831e-01 -3.354419001428e-02
4.154864309790e-01 3.105846690012e-01 -8.549316867760e-01
1.600951139371e-01 9.773612826149e-01 -1.383274294522e-01
5.944456884668e-01 4.905667285489e-01 6.371645064691e-01
8.310697867045e-01 -5.553419273776e-01 -3.030434496108e-02
4.067754190649e-01 3.201468857210e-01 -8.555932035773e-01
1.323567526951e-01 9.793395834017e-01 -1.528910409366e-01
5.119804273771e-01 4.300639831481e-01 7.435865870103e-01
-3.386071129681e-01 -1.449675197624e-01 9.296933049460e-01
-6.819662491492e-01 7.313166707791e-01 9.897578591412e-03
-5.375132585046e-01 -3.913208845919e-01 -7.469588089139e-01
-1.487832304531e-01 -9.787344011742e-01 1.412179956451e-01
-4.178896856385e-01 -2.212887732032e-01 8.811353411884e-01
-7.763823732048e-01 6.300374970969e-01 1.682744272683e-02
-6.083908587061e-01 -4.074061044870e-01 -6.810879745448e-01
-1.603604864461e-01 -9.773877920614e-01 1.378318479750e-01
-4.190699773008e-01 -2.171613976940e-01 8.816015434859e-01
-7.754781006701e-01 6.311292830323e-01 1.759384779470e-02
-6.085774031406e-01 -4.070068892291e-01 -6.811599933251e-01
-1.602904291892e-01 -9.773728342674e-01 1.380192781695e-01
-4.190683106931e-01 -2.174080276351e-01 8.815415477972e-01
-7.755514205767e-01 6.310408232136e-01 1.753492170868e-02
-6.086452845239e-01 -4.069991166539e-01 -6.811039837424e-01
-1.602956249851e-01 -9.773715790273e-01 1.380221327193e-01
-4.190601334152e-01 -2.174170692799e-01 8.815432051623e-01
-7.755519398553e-01 6.310402686867e-01 1.753191040441e-02
-6.086418814547e-01 -4.069974603072e-01 -6.811080145195e-01
-1.602952455854e-01 -9.773716402036e-01 1.380221401383e-01
-4.190607483477e-01 -2.174161471681e-01 8.815431402631e-01
-7.755518010711e-01 6.310404311575e-01 1.753220180027e-02
-6.086420570946e-01 -4.069976221684e-01 -6.811077608462e-01
-1.602951710095e-01 -9.773716589934e-01 1.380220936933e-01
-4.190599426133e-01 -2.174160288408e-01 8.815435524692e-01
-7.755507538293e-01 6.310417646589e-01 1.753053025339e-02
-6.086423889516e-01 -4.069927267814e-01 -6.811103895246e-01
-1.602992416065e-01 -9.773690142194e-01 1.380360937734e-01
-4.190633436119e-01 -2.174249829041e-01 8.815397273237e-01
-7.755446575408e-01 6.310495860147e-01 1.751868004574e-02
-6.085771826173e-01 -4.071491327062e-01 -6.810751768595e-01
-1.583746087964e-01 -9.778035644930e-01 1.371775220413e-01
-4.111990719358e-01 -2.113303964953e-01 8.867100917190e-01
-7.599723229840e-01 6.499273944389e-01 6.037404754214e-03
-6.004186694970e-01 -3.851949153840e-01 -7.008011832765e-01
-7.865846071742e-02 -9.896720805322e-01 1.198416437328e-01
7.255632323102e-01 -6.879178874130e-01 -1.808248038266e-02
3.232520259393e-01 1.983417691955e-01 -9.252938291800e-01
1.153901147683e-01 9.872704975842e-01 -1.094627151752e-01
5.966720663722e-01 4.922865308416e-01 6.337479126301e-01
8.315540430474e-01 -5.545588991248e-01 -3.134167980402e-02
4.139484514900e-01 3.130053643927e-01 -8.547949001780e-01
1.718112536088e-01 9.752479543511e-01 -1.391844842912e-01
5.950427362150e-01 4.952557975302e-01 6.329659051565e-01
8.342439516526e-01 -5.503204968808e-01 -3.441482012165e-02
4.148121060925e-01 3.146511734822e-01 -8.537713720109e-01
1.724803100440e-01 9.751251315375e-01 -1.392175293957e-01
5.952829620151e-01 4.951365668957e-01 6.328332918370e-01
8.345137786590e-01 -5.499030392235e-01 -3.454563186549e-02
4.149488523604e-01 3.147765872281e-01 -8.536586847551e-01
1.723815100677e-01 9.751424875783e-01 -1.392183317901e-01
5.952800074914e-01 4.951097131343e-01 6.328570807387e-01
8.344842918572e-01 -5.499494840173e-01 -3.451856996709e-02
4.149331541764e-01 3.147655509083e-01 -8.536703845903e-01
1.723888656456e-01 9.751411321867e-01 -1.392187175601e-01
5.952798384490e-01 4.951121271031e-01 6.328553511914e-01
8.344862321092e-01 -5.499464163401e-01 -3.452053844862e-02
4.149341926910e-01 3.147662809181e-01 -8.536696106415e-01
1.723883906422e-01 9.751412033200e-01 -1.392188074915e-01
5.952795624919e-01 4.951114035754e-01 6.328561768120e-01
8.344854234814e-01 -5.499476936710e-01 -3.451973671627e-02
4.149318452471e-01 3.147673515640e-01 -8.536703568645e-01
1.723902628376e-01 9.751411940985e-01 -1.392165537961e-01
5.952936912953e-01 4.951239672804e-01 6.328330570763e-01
8.345157195301e-01 -5.499010732685e-01 -3.453003729111e-02
4.149857236658e-01 3.147785580903e-01 -8.536400345111e-01
1.720558411998e-01 9.751637904873e-01 -1.394717506575e-01
5.933369865656e-01 4.944357067416e-01 6.352043389904e-01
8.339169517680e-01 -5.509873026657e-01 -3.155170130476e-02
4.061464213487e-01 3.236929516461e-01 -8.545571703989e-01
1.435108952564e-01 9.776106644725e-01 -1.538896086558e-01
5.097741262458e-01 4.328971705337e-01 7.434583915420e-01
-3.771963819014e-01 -1.504559765224e-01 9.138303390724e-01
-6.966647158970e-01 7.172336344672e-01 1.530317656883e-02
-5.639281072302e-01 -3.999060634473e-01 -7.225373556390e-01
-1.569766388073e-01 -9.770383212505e-01 1.440640610172e-01
-4.584726984518e-01 -2.465203610627e-01 8.538328269373e-01
-8.036941096877e-01 5.946565467730e-01 2.143290538620e-02
-6.487159383430e-01 -4.132683908764e-01 -6.390437140307e-01
-1.710041521886e-01 -9.752609187873e-01 1.400846894575e-01
-4.666159617824e-01 -2.368690272911e-01 8.521517518142e-01
-8.038427086417e-01 5.942925566365e-01 2.555889062662e-02
-6.468803377142e-01 -4.180528356701e-01 -6.377912317264e-01
-1.716585670283e-01 -9.752922317251e-01 1.390625726153e-01
-4.658921591432e-01 -2.368650959650e-01 8.525487800486e-01
-8.035510707725e-01 5.946963991521e-01 2.533514349632e-02
-6.467648831344e-01 -4.177081023590e-01 -6.381340981077e-01
-1.715748366559e-01 -9.752953882239e-01 1.391437427115e-01
-4.659374237151e-01 -2.368840894814e-01 8.525187653842e-01
-8.035756524396e-01 5.946627508883e-01 2.534528580017e-02
-6.467798836871e-01 -4.177267381003e-01 -6.381066951019e-01
-1.715806250629e-01 -9.752950229410e-01 1.391391653331e-01
-4.659353552636e-01 -2.368825144109e-01 8.525203335298e-01
-8.035743742079e-01 5.946644886141e-01 2.534504088899e-02
-6.467790699066e-01 -4.177261843714e-01 -6.381078824316e-01
-1.715794010577e-01 -9.752953780206e-01 1.391381857879e-01
-4.659319778759e-01 -2.368780121782e-01 8.525234303755e-01
-8.035692877855e-01 5.946714624547e-01 2.534268079515e-02
-6.467740509254e-01 -4.177184505208e-01 -6.381180322981e-01
-1.715991899919e-01 -9.752869949594e-01 1.391725384450e-01
-4.659873397997e-01 -2.369703678527e-01 8.524675031379e-01
-8.036873118576e-01 5.945082037266e-01 2.543030595496e-02
-6.467371356300e-01 -4.181671275379e-01 -6.378615295217e-01
-1.693812761482e-01 -9.759114444680e-01 1.375021303358e-01
-4.594648496690e-01 -2.280342794519e-01 8.584243818261e-01
-7.879549130576e-01 6.155055867366e-01 1.673103955011e-02
-6.370694675020e-01 -4.019929984236e-01 -6.576808669827e-01
-8.592632859086e-02 -9.894576592337e-01 1.165770416445e-01
8.099325189694e-01 -5.844541874579e-01 -4.922009222691e-02
4.023980539949e-01 2.569172031616e-01 -8.786747730877e-01
1.803616111253e-01 9.773074876722e-01 -1.110844893409e-01
6.740708778990e-01 5.350026209060e-01 5.093138984871e-01
9.351671251950e-01 -3.492440008059e-01 -5.908532690616e-02
5.178884529530e-01 4.058125364558e-01 -7.530655586025e-01
2.773707330279e-01 9.490526002335e-01 -1.495481141630e-01
6.718831650360e-01 5.527162352908e-01 4.930291835045e-01
9.350675428861e-01 -3.470666997863e-01 -7.206522143496e-02
5.206221832647e-01 3.997857916492e-01 -7.544029845435e-01
2.726453022442e-01 9.505927674035e-01 -1.484517757534e-01
6.716823517774e-01 5.512886068203e-01 4.948976563906e-01
9.346278768996e-01 -3.484511589315e-01 -7.108109144754e-02
5.200731615821e-01 3.997562057441e-01 -7.547972460012e-01
2.727943529826e-01 9.505564120820e-01 -1.484107423017e-01
6.717103939718e-01 5.513712419467e-01 4.947675213516e-01
9.346695473996e-01 -3.483281086361e-01 -7.113624883192e-02
5.201169985256e-01 3.997753686184e-01 -7.547568896610e-01
2.727933482993e-01 9.505556354944e-01 -1.484175628201e-01
6.717085486776e-01 5.513675346641e-01 4.947741579265e-01
9.346672425086e-01 -3.483348011650e-01 -7.113376187603e-02
5.201149543136e-01 3.997745599128e-01 -7.547587267106e-01
2.727938167537e-01 9.505554377818e-01 -1.484179680647e-01
6.717035192051e-01 5.513673891987e-01 4.947811479995e-01
9.346600040848e-01 -3.483535952642e-01 -7.113683596199e-02
5.201040220801e-01 3.997588309111e-01 -7.547745910699e-01
2.727522018184e-01 9.505679149114e-01 -1.484145395312e-01
6.717519733789e-01 5.513326304684e-01 4.947540973477e-01
9.346956791629e-01 -3.482632528530e-01 -7.111043570663e-02
5.203733732410e-01 3.997089720458e-01 -7.546153259031e-01
2.740145303065e-01 9.502953796465e-01 -1.478334488653e-01
6.700081049314e-01 5.547331833729e-01 4.933155527564e-01
9.361856586813e-01 -3.437582675939e-01 -7.339390942271e-02
5.173513205281e-01 4.030454225403e-01 -7.549185376696e-01
2.331609387404e-01 9.581667179322e-01 -1.659895095863e-01
5.754743119490e-01 4.935535431281e-01 6.520998515201e-01
