-3.988846872993e-01 -2.132930334120e-01 8.918503731771e-01
-7.897786276857e-01 6.116014321900e-01 4.683382745370e-02
-5.842164557441e-01 -4.576643118761e-01 -6.702495881929e-01
-2.503633889879e-01 -9.557932193025e-01 1.541995310948e-01
-4.714348715540e-01 -3.035001454399e-01 8.280318976952e-01
-8.761301667729e-01 4.800801221900e-01 4.380647381910e-02
-6.423589213450e-01 -4.665084834591e-01 -6.080664856981e-01
-2.434089606168e-01 -9.589906310581e-01 1.452206852837e-01
-4.626129560812e-01 -2.893428863296e-01 8.380154813584e-01
-8.697483991366e-01 4.913166804357e-01 4.632107214743e-02
-6.386285950533e-01 -4.663935924466e-01 -6.120706940420e-01
-2.443379705754e-01 -9.586389477728e-01 1.459805601720e-01
-4.630856911241e-01 -2.906139870413e-01 8.373142499755e-01
-8.701898849933e-01 4.905624071679e-01 4.602269797629e-02
-6.388927033933e-01 -4.663383797162e-01 -6.118370936405e-01
-2.442418316801e-01 -9.586701760449e-01 1.459363601697e-01
-4.630570696239e-01 -2.905221388665e-01 8.373619510700e-01
-8.701633346351e-01 4.906069177497e-01 4.605022598079e-02
-6.388761784408e-01 -4.663468462320e-01 -6.118478958290e-01
-2.442486039553e-01 -9.586683845203e-01 1.459367944939e-01
-4.630541096276e-01 -2.905206070521e-01 8.373641193859e-01
-8.701560619540e-01 4.906197819533e-01 4.605059609727e-02
-6.388696927801e-01 -4.663467158251e-01 -6.118547673151e-01
-2.442764961472e-01 -9.586578953262e-01 1.459590119138e-01
-4.631030371773e-01 -2.906224720077e-01 8.373017112853e-01
-8.702567378721e-01 4.904467491140e-01 4.599126516871e-02
-6.389572780749e-01 -4.662905137219e-01 -6.118061405446e-01
-2.438517782901e-01 -9.588032699104e-01 1.457141030711e-01
-4.627173158168e-01 -2.894150958571e-01 8.379329256768e-01
-8.693400814317e-01 4.919533757792e-01 4.721968737380e-02
-6.380483741556e-01 -4.680555291109e-01 -6.114068153906e-01
-2.502132164798e-01 -9.568784443144e-01 1.475702853062e-01
-4.628525481227e-01 -2.990567384438e-01 8.344654491875e-01
-8.717252068689e-01 4.890668096067e-01 3.014663249068e-02
-6.422000120022e-01 -4.452408912195e-01 -6.239709074711e-01
-1.615318348742e-01 -9.788283703794e-01 1.257079459004e-01
7.517859239480e-01 -6.590121249166e-01 -2.282419257260e-02
3.637837713901e-01 1.985128864617e-01 -9.100846123201e-01
1.239623806173e-01 9.857345968152e-01 -1.138447751693e-01
6.238704865161e-01 4.714491732130e-01 6.233147624844e-01
8.361737587449e-01 -5.474072362011e-01 -3.404060723737e-02
4.366466554611e-01 2.910090929564e-01 -8.512657670148e-01
1.584969858117e-01 9.775243583718e-01 -1.390137916841e-01
6.130724768725e-01 4.674390794646e-01 6.369009696104e-01
8.287621954900e-01 -5.586290877216e-01 -3.296612925335e-02
4.327693462547e-01 2.861092218083e-01 -8.548989449862e-01
1.567092482229e-01 9.780150077626e-01 -1.375821794875e-01
6.139307627858e-01 4.673275782100e-01 6.361556045101e-01
8.292898206896e-01 -5.578483782785e-01 -3.291777867028e-02
4.330180863881e-01 2.864915516829e-01 -8.546449132097e-01
1.568206403258e-01 9.779833391639e-01 -1.376803365975e-01
6.138726132899e-01 4.673387811045e-01 6.362034881454e-01
8.292547059530e-01 -5.579003508068e-01 -3.292159207131e-02
4.330036917733e-01 2.864649156798e-01 -8.546611345997e-01
1.568135100468e-01 9.779853746890e-01 -1.376739988567e-01
6.138731178852e-01 4.673388190997e-01 6.362029733508e-01
8.292534401085e-01 -5.579021545498e-01 -3.292291021484e-02
4.330013924533e-01 2.864583102907e-01 -8.546645134782e-01
1.568116444591e-01 9.779858009311e-01 -1.376730959164e-01
6.139133448366e-01 4.673199858350e-01 6.361779907154e-01
8.292899890413e-01 -5.578492350920e-01 -3.289901188841e-02
4.330186149620e-01 2.865631817107e-01 -8.546206304462e-01
1.568505930933e-01 9.779798387002e-01 -1.376710809947e-01
6.134556076235e-01 4.676122385439e-01 6.364047547272e-01
8.289338625699e-01 -5.583570540897e-01 -3.325735457332e-02
4.332240518948e-01 2.851570838672e-01 -8.549867591842e-01
1.565239387128e-01 9.780373557354e-01 -1.376342522626e-01
6.181449913134e-01 4.653258600997e-01 6.335365921844e-01
8.345083736419e-01 -5.502292586558e-01 -2.904371258325e-02
4.317083034092e-01 3.047315334001e-01 -8.489797602530e-01
1.429818931362e-01 9.781352963676e-01 -1.510215886393e-01
5.429392992429e-01 4.289157419527e-01 7.219752098534e-01
-3.638405546936e-01 -1.669008055196e-01 9.163864751715e-01
-7.102695596171e-01 7.038401365257e-01 1.123454034476e-02
-5.602091462497e-01 -3.952551047772e-01 -7.279691714666e-01
-1.570863100834e-01 -9.771959085132e-01 1.428707372745e-01
-4.209970076706e-01 -2.264958606630e-01 8.783286085714e-01
-7.804373148605e-01 6.250432398389e-01 1.544493137109e-02
-6.085661510350e-01 -4.060459623841e-01 -6.817432920433e-01
-1.578127614078e-01 -9.778428649429e-01 1.375444067095e-01
-4.160285383374e-01 -2.153374488479e-01 8.834874296856e-01
-7.759122114571e-01 6.305880110083e-01 1.786058465842e-02
-6.061632807619e-01 -4.061726526643e-01 -6.838054206305e-01
-1.579733122873e-01 -9.777812374381e-01 1.377979837259e-01
-4.162192568459e-01 -2.160804040038e-01 8.832161622368e-01
-7.761713439705e-01 6.302739487655e-01 1.768599181747e-02
-6.063177040063e-01 -4.061357812597e-01 -6.836904043418e-01
-1.579579295116e-01 -9.777850684703e-01 1.377884334074e-01
-4.162075206854e-01 -2.160357325937e-01 8.832326205296e-01
-7.761558811761e-01 6.302926883375e-01 1.769675518463e-02
-6.063083164836e-01 -4.061382100457e-01 -6.836972865997e-01
-1.579571168419e-01 -9.777852802298e-01 1.377878623281e-01
-4.162066842053e-01 -2.160342529327e-01 8.832333766240e-01
-7.761522885427e-01 6.302970487478e-01 1.769902058746e-02
-6.063030706824e-01 -4.061430607554e-01 -6.836990571014e-01
-1.579771288400e-01 -9.777805725361e-01 1.377983263125e-01
-4.162254137236e-01 -2.160810611851e-01 8.832130999752e-01
-7.762041426289e-01 6.302341726566e-01 1.766399110243e-02
-6.063717695926e-01 -4.060750383530e-01 -6.836785357664e-01
-1.577808820383e-01 -9.778248440200e-01 1.377089963675e-01
-4.160247977375e-01 -2.156309957143e-01 8.834175917168e-01
-7.757042852869e-01 6.308365107721e-01 1.811514461639e-02
-6.056228965344e-01 -4.070489709827e-01 -6.837631478920e-01
-1.599250018252e-01 -9.773600405384e-01 1.385328298635e-01
-4.164081858736e-01 -2.170786430274e-01 8.828822602583e-01
-7.753228750194e-01 6.314335291220e-01 1.288944421572e-02
-6.092189049123e-01 -3.950843203252e-01 -6.875759636073e-01
-9.730331928072e-02 -9.875479832705e-01 1.236165231487e-01
7.589990242675e-01 -6.507471793952e-01 -2.117993555740e-02
3.490786790015e-01 2.224047510691e-01 -9.103187367996e-01
1.282207724910e-01 9.848465150871e-01 -1.167766039178e-01
6.060297825824e-01 4.894878325673e-01 6.270004500729e-01
8.388421278871e-01 -5.432733646607e-01 -3.461120818539e-02
4.187431915462e-01 3.096290226017e-01 -8.536884723928e-01
1.623531552764e-01 9.768707484102e-01 -1.391581613574e-01
5.964598612455e-01 4.871989811880e-01 6.378658061477e-01
8.326961512987e-01 -5.526746866435e-01 -3.417324034684e-02
4.156600156148e-01 3.055249729622e-01 -8.566686887680e-01
1.606029776980e-01 9.773255591258e-01 -1.379907063323e-01
5.971174325217e-01 4.870357643335e-01 6.373750356256e-01
8.331029763978e-01 -5.520668552018e-01 -3.408251904723e-02
4.158512097960e-01 3.058260148949e-01 -8.564684582194e-01
1.607089300986e-01 9.772973178904e-01 -1.380673467216e-01
5.970759347420e-01 4.870464468994e-01 6.374057473185e-01
8.330762186830e-01 -5.521068970754e-01 -3.408794606109e-02
4.158390028569e-01 3.058065720339e-01 -8.564813274111e-01
1.607024181331e-01 9.772990716068e-01 -1.380625128071e-01
5.970768524935e-01 4.870466175493e-01 6.374047572385e-01
8.330759461451e-01 -5.521072318206e-01 -3.408918488147e-02
4.158392716538e-01 3.058010196003e-01 -8.564831793806e-01
1.607008479266e-01 9.772993991159e-01 -1.380620221618e-01
5.970953552731e-01 4.870374429806e-01 6.373944350606e-01
8.330977815590e-01 -5.520754663407e-01 -3.407001359362e-02
4.158391242453e-01 3.058827090397e-01 -8.564540799467e-01
1.607192139951e-01 9.772942715105e-01 -1.380769391517e-01
5.969064861619e-01 4.871066644657e-01 6.375184265658e-01
8.328458480863e-01 -5.524420733339e-01 -3.428627912120e-02
4.159026576750e-01 3.048995604921e-01 -8.567737375472e-01
1.607411407537e-01 9.773482555089e-01 -1.376687078565e-01
5.989128117904e-01 4.879293211003e-01 6.350026940761e-01
8.378634217271e-01 -5.449422662057e-01 -3.198144828375e-02
4.176886509646e-01 3.194289480984e-01 -8.505888183912e-01
1.462985991979e-01 9.775868756983e-01 -1.513955756787e-01
5.362222723843e-01 4.398000280292e-01 7.204454246815e-01
-3.659834912586e-01 -1.669937067969e-01 9.155158032587e-01
-7.134876866499e-01 7.005635207101e-01 1.208612631310e-02
-5.619354081555e-01 -3.955223496478e-01 -7.264920288552e-01
-1.595026389430e-01 -9.767320441034e-01 1.433646476360e-01
-4.232421854444e-01 -2.271829022783e-01 8.770712521641e-01
-7.835357960268e-01 6.211312483734e-01 1.635935936086e-02
-6.103706847853e-01 -4.064519619310e-01 -6.798856005220e-01
-1.606956408749e-01 -9.773383463815e-01 1.377921176846e-01
-4.181698434992e-01 -2.160169410390e-01 8.823098453333e-01
-7.789577931382e-01 6.267978955983e-01 1.868567854928e-02
-6.079510298222e-01 -4.064928908514e-01 -6.820257143432e-01
-1.607968250701e-01 -9.772806365909e-01 1.380830851039e-01
-4.183687306148e-01 -2.167686029880e-01 8.820311661174e-01
-7.792220354210e-01 6.264743683008e-01 1.851716437200e-02
-6.081065786659e-01 -4.064630690716e-01 -6.819048045468e-01
-1.607856328621e-01 -9.772842577897e-01 1.380704883081e-01
-4.183565720079e-01 -2.167227203018e-01 8.820482079585e-01
-7.792061257756e-01 6.264938415760e-01 1.852781749540e-02
-6.080969474165e-01 -4.064652191838e-01 -6.819121117392e-01
-1.607854155008e-01 -9.772842730577e-01 1.380706333596e-01
-4.183563312041e-01 -2.167234882808e-01 8.820481334762e-01
-7.792045983775e-01 6.264957149010e-01 1.852870956077e-02
-6.080942556079e-01 -4.064680671982e-01 -6.819128145481e-01
-1.607962512535e-01 -9.772817171065e-01 1.380761057975e-01
-4.183681027442e-01 -2.167443556086e-01 8.820374226290e-01
-7.792319497809e-01 6.264621157057e-01 1.851448152608e-02
-6.081295481539e-01 -4.064396425306e-01 -6.818982839411e-01
-1.606766145782e-01 -9.773107193448e-01 1.380100843466e-01
-4.182478611918e-01 -2.165150029826e-01 8.821507694787e-01
-7.789689786133e-01 6.267822266093e-01 1.874488636629e-02
-6.077182562130e-01 -4.069100900799e-01 -6.819843837336e-01
-1.625366376247e-01 -9.768676043307e-01 1.389659132261e-01
-4.180888409623e-01 -2.176050246540e-01 8.819579209396e-01
-7.777062576875e-01 6.284662734669e-01 1.425201278250e-02
-6.100271611738e-01 -3.967721525927e-01 -6.858853559868e-01
-1.006887716845e-01 -9.872396233797e-01 1.233681372385e-01
7.589886229753e-01 -6.507563409046e-01 -2.127098884628e-02
3.490812674894e-01 2.227955456894e-01 -9.102221781021e-01
1.282812776060e-01 9.848423318492e-01 -1.167454290907e-01
6.060329367568e-01 4.899145465148e-01 6.266640381250e-01
8.389120083032e-01 -5.431635359523e-01 -3.464124040084e-02
4.187917949116e-01 3.100755339995e-01 -8.535025458249e-01
1.624345299243e-01 9.768559804812e-01 -1.391668670565e-01
5.964110525814e-01 4.876048366292e-01 6.376012701168e-01
8.327372629770e-01 -5.526120323714e-01 -3.418468265086e-02
4.156681581936e-01 3.059872040087e-01 -8.564997450361e-01
1.606846853102e-01 9.773109730602e-01 -1.379988907307e-01
5.970762666452e-01 4.874431270620e-01 6.371021344251e-01
8.331477703510e-01 -5.519984024111e-01 -3.409628271122e-02
4.158633835561e-01 3.062871720613e-01 -8.562977370331e-01
1.607906238975e-01 9.772827305229e-01 -1.380754861963e-01
5.970340110004e-01 4.874539341015e-01 6.371334646977e-01
8.331206585897e-01 -5.520389896148e-01 -3.410164477182e-02
4.158508637425e-01 3.062675485686e-01 -8.563108359810e-01
1.607840131269e-01 9.772844993246e-01 -1.380706648880e-01
5.970358256828e-01 4.874535489120e-01 6.371320589206e-01
8.331212698177e-01 -5.520380340722e-01 -3.410218050084e-02
4.158514472452e-01 3.062648537466e-01 -8.563115164376e-01
1.607836997100e-01 9.772846514440e-01 -1.380699531378e-01
5.970448180218e-01 4.874515198286e-01 6.371251847872e-01
8.331343552037e-01 -5.520188401689e-01 -3.409319987759e-02
4.158561027035e-01 3.063076950234e-01 -8.562939319029e-01
1.607901832414e-01 9.772816927169e-01 -1.380833445913e-01
5.969289148871e-01 4.874608449791e-01 6.372266434982e-01
8.329425183781e-01 -5.523013625289e-01 -3.420476614055e-02
4.157913649949e-01 3.057172180940e-01 -8.565363526183e-01
1.608368903673e-01 9.773162978417e-01 -1.377837024830e-01
5.988301676932e-01 4.882148360242e-01 6.348611691908e-01
8.377656507529e-01 -5.450814795951e-01 -3.216978428584e-02
4.180820541830e-01 3.189037795701e-01 -8.505926024520e-01
1.463070647468e-01 9.776190529390e-01 -1.511794633405e-01
5.359658723554e-01 4.404648883195e-01 7.202300089749e-01
-3.659758310676e-01 -1.669663316726e-01 9.155238583249e-01
-7.134654014973e-01 7.005863337259e-01 1.207931549345e-02
-5.619304643267e-01 -3.954935568561e-01 -7.265115276077e-01
-1.595134013880e-01 -9.767298164657e-01 1.433678499685e-01
-4.232449986445e-01 -2.271659613418e-01 8.770742825611e-01
-7.835330008150e-01 6.211349362298e-01 1.635321462811e-02
-6.103787240291e-01 -4.064236825943e-01 -6.798952886137e-01
-1.606933509814e-01 -9.773386832525e-01 1.377923988056e-01
-4.181755851195e-01 -2.159892018924e-01 8.823139150415e-01
-7.789542088383e-01 6.268023624977e-01 1.868525890320e-02
-6.079579366427e-01 -4.064678737825e-01 -6.820344674984e-01
-1.607967897016e-01 -9.772806524984e-01 1.380830137051e-01
-4.183740813605e-01 -2.167417240471e-01 8.820352334815e-01
-7.792184116792e-01 6.264789062350e-01 1.851612655533e-02
-6.081135511983e-01 -4.064376665471e-01 -6.819137277257e-01
-1.607853611006e-01 -9.772843084648e-01 1.380704460927e-01
-4.183619258423e-01 -2.166956715751e-01 8.820523141663e-01
-7.792023998769e-01 6.264985024496e-01 1.852691163175e-02
-6.081037691436e-01 -4.064399973865e-01 -6.819210617643e-01
-1.607856304118e-01 -9.772842104478e-01 1.380708262544e-01
-4.183620615366e-01 -2.166975061192e-01 8.820517991073e-01
-7.792019622117e-01 6.264990510871e-01 1.852676637709e-02
-6.081026405694e-01 -4.064407568779e-01 -6.819216154963e-01
-1.607922766532e-01 -9.772825284028e-01 1.380749921138e-01
-4.183703393873e-01 -2.167123061841e-01 8.820442366850e-01
-7.792214167641e-01 6.264750549788e-01 1.851996612990e-02
-6.081256043950e-01 -4.064323530085e-01 -6.819061458200e-01
-1.606917038079e-01 -9.773090613758e-01 1.380042567460e-01
-4.182751288324e-01 -2.164586565516e-01 8.821516687079e-01
-7.789771057021e-01 6.267715358144e-01 1.876461256964e-02
-6.077375232359e-01 -4.068731425670e-01 -6.819892584995e-01
-1.624976123459e-01 -9.768713342746e-01 1.389853310766e-01
-4.180382752768e-01 -2.176860123598e-01 8.819619041810e-01
-7.776875543157e-01 6.284918545645e-01 1.414413689705e-02
-6.100574692915e-01 -3.966517583043e-01 -6.859280332482e-01
-1.006511164478e-01 -9.872421255441e-01 1.233788406045e-01
7.589908626221e-01 -6.507537221287e-01 -2.127119159604e-02
3.490709187972e-01 2.228066598314e-01 -9.102234264096e-01
1.282831780585e-01 9.848420810822e-01 -1.167454562578e-01
6.060267089623e-01 4.899243429283e-01 6.266624021198e-01
8.389139665068e-01 -5.431605698139e-01 -3.464032620056e-02
4.187823792006e-01 3.100917561629e-01 -8.535012721905e-01
1.624376635938e-01 9.768553909255e-01 -1.391673477005e-01
5.964019535052e-01 4.876195306798e-01 6.375985438776e-01
8.327393391990e-01 -5.526088547456e-01 -3.418547362916e-02
4.156597961563e-01 3.060017665141e-01 -8.564986005531e-01
1.606875429603e-01 9.773104639921e-01 -1.379991685082e-01
5.970673598610e-01 4.874573003010e-01 6.370996375544e-01
8.331497958885e-01 -5.519953086483e-01 -3.409687436179e-02
4.158548865259e-01 3.063018761715e-01 -8.562966039909e-01
1.607935090209e-01 9.772822151912e-01 -1.380757738627e-01
5.970250308437e-01 4.874682042253e-01 6.371309617461e-01
8.331226305621e-01 -5.520359723209e-01 -3.410231237159e-02
4.158423796518e-01 3.062820498658e-01 -8.563097694267e-01
1.607868523778e-01 9.772839942436e-01 -1.380709335730e-01
5.970272371377e-01 4.874675679746e-01 6.371293811218e-01
8.331236390776e-01 -5.520344456980e-01 -3.410238661780e-02
4.158426726649e-01 3.062812271488e-01 -8.563099213995e-01
1.607868472742e-01 9.772840411021e-01 -1.380706078452e-01
5.970342642886e-01 4.874665459238e-01 6.371235781781e-01
8.331344582950e-01 -5.520184533517e-01 -3.409694356911e-02
4.158520840529e-01 3.063092662931e-01 -8.562953214703e-01
1.607947380736e-01 9.772818647055e-01 -1.380768232746e-01
5.969095668503e-01 4.874963070184e-01 6.372176391516e-01
8.329475984833e-01 -5.522934376571e-01 -3.420901784368e-02
4.157824623383e-01 3.057431013343e-01 -8.565314354993e-01
1.608318507965e-01 9.773150110747e-01 -1.377987115232e-01
5.988603503088e-01 4.881619803370e-01 6.348733431020e-01
8.377703183624e-01 -5.450760526601e-01 -3.214016937561e-02
4.180444853187e-01 3.189679651078e-01 -8.505870005647e-01
1.463135335625e-01 9.776164952405e-01 -1.511897421462e-01
5.359602331413e-01 4.404740891778e-01 7.202285784764e-01
-3.659769257149e-01 -1.669656487273e-01 9.155235452949e-01
-7.134665572518e-01 7.005851454407e-01 1.207996982860e-02
-5.619309399850e-01 -3.954939714136e-01 -7.265109340286e-01
-1.595145555000e-01 -9.767296348943e-01 1.433678028805e-01
-4.232464201455e-01 -2.271655750001e-01 8.770736966577e-01
-7.835345821821e-01 6.211329238357e-01 1.635388186091e-02
-6.103796784576e-01 -4.064238029330e-01 -6.798943598350e-01
-1.606946099276e-01 -9.773384763221e-01 1.377923983409e-01
-4.181768240306e-01 -2.159889101786e-01 8.823133992655e-01
-7.789556354576e-01 6.268005743807e-01 1.868576850981e-02
-6.079588085754e-01 -4.064678999098e-01 -6.820336746954e-01
-1.607980086611e-01 -9.772804412674e-01 1.380830892136e-01
-4.183752121164e-01 -2.167416928970e-01 8.820347047859e-01
-7.792198660672e-01 6.264770867971e-01 1.851648034394e-02
-6.081145947606e-01 -4.064373311394e-01 -6.819129970131e-01
-1.607865280246e-01 -9.772840920209e-01 1.380706192088e-01
-4.183630143107e-01 -2.166957557350e-01 8.820517772236e-01
-7.792038471790e-01 6.264966907584e-01 1.852730444819e-02
-6.081047348327e-01 -4.064398523629e-01 -6.819202870463e-01
-1.607869630864e-01 -9.772839701702e-01 1.380709750450e-01
-4.183633108666e-01 -2.166975492642e-01 8.820511959425e-01
-7.792035946283e-01 6.264970134034e-01 1.852701581232e-02
-6.081039245443e-01 -4.064399966317e-01 -6.819209236354e-01
-1.607931212254e-01 -9.772823167609e-01 1.380755065644e-01
-4.183709731553e-01 -2.167146932287e-01 8.820433495922e-01
-7.792235993919e-01 6.264723914974e-01 1.851822999654e-02
-6.081278249649e-01 -4.064299746423e-01 -6.819055830654e-01
-1.606931547783e-01 -9.773088163287e-01 1.380043025906e-01
-4.182756984211e-01 -2.164539576704e-01 8.821525516140e-01
-7.789750673397e-01 6.267738938729e-01 1.877046676117e-02
-6.077331241040e-01 -4.068822044224e-01 -6.819877723179e-01
-1.624990036656e-01 -9.768715429386e-01 1.389822377301e-01
-4.180437386976e-01 -2.176780076978e-01 8.819612902506e-01
-7.776905571874e-01 6.284879919229e-01 1.415066324300e-02
-6.100582408534e-01 -3.966560272539e-01 -6.859248784014e-01
-1.006532425018e-01 -9.872420180848e-01 1.233779660303e-01
7.589908178401e-01 -6.507537663113e-01 -2.127143780073e-02
3.490710166245e-01 2.228064654996e-01 -9.102234364618e-01
1.282832492810e-01 9.848420968785e-01 -1.167452447417e-01
6.060264462873e-01 4.899251401580e-01 6.266620328706e-01
8.389140817194e-01 -5.431603729095e-01 -3.464062345968e-02
4.187825046446e-01 3.100918929457e-01 -8.535011609441e-01
1.624377078383e-01 9.768553988560e-01 -1.391672403913e-01
5.964016069914e-01 4.876203087764e-01 6.375982729328e-01
8.327393318862e-01 -5.526088486572e-01 -3.418575018129e-02
4.156598377120e-01 3.060018391775e-01 -8.564985544256e-01
1.606876507766e-01 9.773104523228e-01 -1.379991256081e-01
5.970671962216e-01 4.874576611543e-01 6.370995148155e-01
8.331497690376e-01 -5.519953547776e-01 -3.409678366839e-02
4.158546411692e-01 3.063024910028e-01 -8.562965032181e-01
1.607935486374e-01 9.772821996898e-01 -1.380758374450e-01
5.970250178074e-01 4.874684440932e-01 6.371307904390e-01
8.331227506503e-01 -5.520357940344e-01 -3.410226464042e-02
4.158423054623e-01 3.062825283279e-01 -8.563096343198e-01
1.607869235887e-01 9.772839818916e-01 -1.380709380754e-01
5.970271238353e-01 4.874679804112e-01 6.371291717374e-01
8.331237397531e-01 -5.520342974345e-01 -3.410232713227e-02
4.158424211718e-01 3.062820239240e-01 -8.563097585424e-01
1.607867914421e-01 9.772840095665e-01 -1.380708960765e-01
5.970349635845e-01 4.874657317477e-01 6.371235458130e-01
8.331346878058e-01 -5.520181485577e-01 -3.409627014409e-02
4.158513104275e-01 3.063112648576e-01 -8.562949822562e-01
1.607951685531e-01 9.772817842297e-01 -1.380768915599e-01
5.969078891767e-01 4.874984548834e-01 6.372175674955e-01
8.329469501952e-01 -5.522942959171e-01 -3.421094646456e-02
4.157852156721e-01 3.057371833335e-01 -8.565322113942e-01
1.608320883820e-01 9.773152848014e-01 -1.377964928443e-01
5.988575524842e-01 4.881674957006e-01 6.348717413573e-01
8.377705160427e-01 -5.450756319401e-01 -3.214215168025e-02
4.180459778537e-01 3.189664809424e-01 -8.505868235727e-01
1.463134699536e-01 9.776165586809e-01 -1.511893934874e-01
5.359598474514e-01 4.404747411210e-01 7.202284667758e-01
-3.659765178580e-01 -1.669660507922e-01 9.155236350086e-01
-7.134665379153e-01 7.005851725143e-01 1.207954172064e-02
-5.619312126589e-01 -3.954929382077e-01 -7.265112855748e-01
-1.595145797156e-01 -9.767295548444e-01 1.433683212973e-01
-4.232452956025e-01 -2.271670247798e-01 8.770738638239e-01
-7.835344717285e-01 6.211330966030e-01 1.635261194599e-02
-6.103807191706e-01 -4.064207312890e-01 -6.798952616715e-01
-1.606944191322e-01 -9.773383408153e-01 1.377935819700e-01
-4.181760935273e-01 -2.159913214284e-01 8.823131552175e-01
-7.789560677321e-01 6.268000516121e-01 1.868528411457e-02
-6.079589861049e-01 -4.064680272048e-01 -6.820334405837e-01
-1.607979055335e-01 -9.772805287608e-01 1.380825900723e-01
-4.183757909208e-01 -2.167396464914e-01 8.820349331008e-01
-7.792196303152e-01 6.264773574662e-01 1.851724368061e-02
-6.081139095109e-01 -4.064383374954e-01 -6.819130082887e-01
-1.607866679291e-01 -9.772841098875e-01 1.380703298240e-01
-4.183630323895e-01 -2.166952713345e-01 8.820518876524e-01
-7.792037610234e-01 6.264967970205e-01 1.852733466925e-02
-6.081046758518e-01 -4.064396485509e-01 -6.819204611192e-01
-1.607869656876e-01 -9.772839682857e-01 1.380709853544e-01
-4.183632368359e-01 -2.166973017441e-01 8.820512918652e-01
-7.792035049048e-01 6.264971219415e-01 1.852711912354e-02
-6.081037792875e-01 -4.064400291058e-01 -6.819210338131e-01
-1.607931993470e-01 -9.772823094540e-01 1.380754673073e-01
-4.183710474748e-01 -2.167144823408e-01 8.820433661553e-01
-7.792237452540e-01 6.264722121118e-01 1.851816092518e-02
-6.081280236320e-01 -4.064294597257e-01 -6.819057127936e-01
-1.606930495595e-01 -9.773088012198e-01 1.380045321053e-01
-4.182752589626e-01 -2.164547636537e-01 8.821525622201e-01
-7.789750988447e-01 6.267738813547e-01 1.876957728670e-02
-6.077334167574e-01 -4.068811353566e-01 -6.819881493453e-01
-1.624990518632e-01 -9.768715011224e-01 1.389824752924e-01
-4.180434591551e-01 -2.176782553888e-01 8.819613616188e-01
-7.776904633812e-01 6.284881151785e-01 1.415034435273e-02
-6.100582408072e-01 -3.966555924004e-01 -6.859251299090e-01
-1.006532271901e-01 -9.872419968398e-01 1.233781485190e-01
7.589895709548e-01 -6.507552584526e-01 -2.127027922064e-02
3.490694431489e-01 2.228072090394e-01 -9.102238578832e-01
1.282832329614e-01 9.848420025294e-01 -1.167460585836e-01
6.060264430354e-01 4.899220744853e-01 6.266644327500e-01
8.389122775199e-01 -5.431633654273e-01 -3.463739430194e-02
4.187790703384e-01 3.100953528524e-01 -8.535015889768e-01
1.624379259118e-01 9.768551998981e-01 -1.391683823916e-01
5.964036067504e-01 4.876174447227e-01 6.375985927346e-01
8.327405576585e-01 -5.526070534461e-01 -3.418491059203e-02
4.156603254495e-01 3.060022638479e-01 -8.564981660034e-01
1.606879031699e-01 9.773104631050e-01 -1.379987553578e-01
5.970650267160e-01 4.874600233757e-01 6.370997406083e-01
8.331482743444e-01 -5.519975360033e-01 -3.409799412264e-02
4.158544605255e-01 3.063002454626e-01 -8.562973941865e-01
1.607940551010e-01 9.772821616523e-01 -1.380755168753e-01
5.970241744559e-01 4.874686961425e-01 6.371313878600e-01
8.331217764248e-01 -5.520372743881e-01 -3.410210159048e-02
4.158414575605e-01 3.062823349456e-01 -8.563101152469e-01
1.607871421766e-01 9.772839441773e-01 -1.380709504706e-01
5.970265678770e-01 4.874679220714e-01 6.371297373380e-01
8.331229954986e-01 -5.520354340656e-01 -3.410211001608e-02
4.158417970438e-01 3.062817488791e-01 -8.563101600092e-01
1.607871268511e-01 9.772839549346e-01 -1.380708921764e-01
5.970343622439e-01 4.874657526816e-01 6.371240932994e-01
8.331339432677e-01 -5.520192892651e-01 -3.409599469759e-02
4.158505058034e-01 3.063113539877e-01 -8.562953411302e-01
1.607954393736e-01 9.772817136037e-01 -1.380770760572e-01
5.969076495669e-01 4.874978471065e-01 6.372182569223e-01
8.329462197249e-01 -5.522954290964e-01 -3.421043766326e-02
4.157842285016e-01 3.057375378944e-01 -8.565325640345e-01
1.608324005067e-01 9.773152085038e-01 -1.377966696783e-01
5.988570752192e-01 4.881671993565e-01 6.348724194138e-01
8.377696836361e-01 -5.450769317849e-01 -3.214180480630e-02
4.180451519653e-01 3.189664447654e-01 -8.505872430457e-01
1.463135217142e-01 9.776165158714e-01 -1.511896202093e-01
5.359594076175e-01 4.404737150725e-01 7.202294215849e-01
-3.659911280184e-01 -1.669633070526e-01 9.155182949073e-01
-7.134689139288e-01 7.005826812124e-01 1.208369325169e-02
-5.619380897066e-01 -3.955025031347e-01 -7.265007593603e-01
-1.595130428929e-01 -9.767310861505e-01 1.433595985430e-01
-4.232657869710e-01 -2.271382436086e-01 8.770714291722e-01
-7.835334713727e-01 6.211339595277e-01 1.636775977535e-02
-6.103742851742e-01 -4.064474843895e-01 -6.798850450124e-01
-1.606976847203e-01 -9.773384791446e-01 1.377887923919e-01
-4.181773389043e-01 -2.159959257882e-01 8.823114377984e-01
-7.789555991301e-01 6.268008593065e-01 1.867772353822e-02
-6.079726982525e-01 -4.064457436880e-01 -6.820344973808e-01
-1.607954749090e-01 -9.772799648314e-01 1.380894115706e-01
-4.183797193138e-01 -2.167504032010e-01 8.820304264475e-01
-7.792226927254e-01 6.264736121462e-01 1.851508645088e-02
-6.081211836709e-01 -4.064364597469e-01 -6.819076404903e-01
-1.607857892881e-01 -9.772843370839e-01 1.380697448885e-01
-4.183698448495e-01 -2.166926893719e-01 8.820492907391e-01
-7.792043842300e-01 6.264959998528e-01 1.852808045068e-02
-6.081100813829e-01 -4.064382694281e-01 -6.819164626733e-01
-1.607863699754e-01 -9.772840719478e-01 1.380709453403e-01
-4.183698597745e-01 -2.166967748793e-01 8.820482799650e-01
-7.792045872172e-01 6.264957691359e-01 1.852734504488e-02
-6.081095718820e-01 -4.064384190560e-01 -6.819168278469e-01
-1.607925549653e-01 -9.772824260498e-01 1.380753924561e-01
-4.183776891714e-01 -2.167136812897e-01 8.820404126487e-01
-7.792247612611e-01 6.264709374865e-01 1.851852916246e-02
-6.081337272678e-01 -4.064280064685e-01 -6.819014923853e-01
-1.606924325188e-01 -9.773089137082e-01 1.380044539780e-01
-4.182817916753e-01 -2.164540971995e-01 8.821496282142e-01
-7.789760903932e-01 6.267726452445e-01 1.876970348500e-02
-6.077393715917e-01 -4.068790093964e-01 -6.819841112006e-01
-1.624982587873e-01 -9.768716386809e-01 1.389824356956e-01
-4.180501858730e-01 -2.176770712097e-01 8.819584654399e-01
-7.776912261464e-01 6.284871570135e-01 1.415098032121e-02
-6.100628073755e-01 -3.966554814014e-01 -6.859211325884e-01
-1.006520232340e-01 -9.872421927437e-01 1.233775631368e-01
7.590343337878e-01 -6.507023771693e-01 -2.129076037731e-02
3.491144913703e-01 2.228292738895e-01 -9.102011791978e-01
1.282764405281e-01 9.848439008544e-01 -1.167375079196e-01
6.060267502956e-01 4.899814281381e-01 6.266177287676e-01
8.389437234261e-01 -5.431119593105e-01 -3.468181912653e-02
4.188255837127e-01 3.100745779897e-01 -8.534863130199e-01
1.624275441516e-01 9.768577549909e-01 -1.391625647040e-01
5.964196661650e-01 4.876166551250e-01 6.375841744086e-01
8.327545969945e-01 -5.525865803078e-01 -3.417385621079e-02
4.156603613919e-01 3.060485794032e-01 -8.564815999266e-01
1.606523806586e-01 9.773159081395e-01 -1.380015517525e-01
5.970896987005e-01 4.874622588048e-01 6.370749076417e-01
8.331761255455e-01 -5.519553611923e-01 -3.410019167256e-02
4.158770265059e-01 3.063230750182e-01 -8.562782681675e-01
1.607707378958e-01 9.772862516233e-01 -1.380737202528e-01
5.970364055387e-01 4.874842581829e-01 6.371080194797e-01
8.331410096848e-01 -5.520078152864e-01 -3.410908741318e-02
4.158598798891e-01 3.063000865354e-01 -8.562948191406e-01
1.607602991407e-01 9.772887608643e-01 -1.380681140181e-01
5.970408105131e-01 4.874816644921e-01 6.371058761037e-01
8.331434890645e-01 -5.520041218575e-01 -3.410829930816e-02
4.158607047181e-01 3.063005285503e-01 -8.562942604509e-01
1.607607316786e-01 9.772886677988e-01 -1.380682691364e-01
5.970483908818e-01 4.874796896875e-01 6.371002833837e-01
8.331543344025e-01 -5.519881226898e-01 -3.410230894936e-02
4.158694518683e-01 3.063299355372e-01 -8.562794926871e-01
1.607688447339e-01 9.772864582002e-01 -1.380744624521e-01
5.969216693713e-01 4.875114481769e-01 6.371947179092e-01
8.329663851740e-01 -5.522646614688e-01 -3.421614915406e-02
4.158025053817e-01 3.057570419388e-01 -8.565167294473e-01
1.608070805897e-01 9.773197221574e-01 -1.377942071144e-01
5.988712193291e-01 4.881818491509e-01 6.348478123290e-01
8.377911064006e-01 -5.450435147990e-01 -3.215010126874e-02
4.180661530843e-01 3.189806774772e-01 -8.505715837256e-01
1.462894230554e-01 9.776213269956e-01 -1.511818299446e-01
5.359849217107e-01 4.405057521217e-01 7.201908400185e-01
-3.655164520721e-01 -1.667004059377e-01 9.157558069294e-01
-7.133473538719e-01 7.007079137265e-01 1.199884848636e-02
-5.617013003408e-01 -3.950819470558e-01 -7.269125836757e-01
-1.595182937335e-01 -9.767087000782e-01 1.435061990158e-01
-4.228913175049e-01 -2.272909271921e-01 8.772124987682e-01
-7.835198580874e-01 6.211529548751e-01 1.629842424125e-02
-6.101586463434e-01 -4.063895532713e-01 -6.801131944642e-01
-1.606872324393e-01 -9.773557472121e-01 1.376784540970e-01
-4.179689774395e-01 -2.153978632246e-01 8.825563406471e-01
-7.787860566302e-01 6.270101954889e-01 1.872145163848e-02
-6.077119474118e-01 -4.062512139222e-01 -6.823826933325e-01
-1.607958489604e-01 -9.772796886642e-01 1.380909304821e-01
-4.181099793301e-01 -2.164808799195e-01 8.822245030682e-01
-7.791145489402e-01 6.266093477476e-01 1.847281637899e-02
-6.079250555598e-01 -4.061869680050e-01 -6.822311000281e-01
-1.607744040748e-01 -9.772863219620e-01 1.380689534266e-01
-4.181001390530e-01 -2.163827645842e-01 8.822532362733e-01
-7.790858894163e-01 6.266442742793e-01 1.849676797346e-02
-6.079045062716e-01 -4.061961018934e-01 -6.822439725357e-01
-1.607763277572e-01 -9.772858683291e-01 1.380699243030e-01
-4.181008374226e-01 -2.163900257783e-01 8.822511243916e-01
-7.790871598469e-01 6.266427410567e-01 1.849520053176e-02
-6.079048498837e-01 -4.061957515595e-01 -6.822438749472e-01
-1.607824345160e-01 -9.772842293890e-01 1.380744137729e-01
-4.181083460500e-01 -2.164068726457e-01 8.822434337727e-01
-7.791070409470e-01 6.266182898173e-01 1.848614652239e-02
-6.079287139409e-01 -4.061849347100e-01 -6.822290506720e-01
-1.606819353099e-01 -9.773108632907e-01 1.380028701117e-01
-4.180158574867e-01 -2.161438396858e-01 8.823517345455e-01
-7.788604682448e-01 6.269171398025e-01 1.874222045171e-02
-6.075344023978e-01 -4.066451538707e-01 -6.823061400403e-01
-1.624920189367e-01 -9.768722518902e-01 1.389854210656e-01
-4.177636326888e-01 -2.173989957183e-01 8.821628102926e-01
-7.775738380024e-01 6.286334458089e-01 1.410380319821e-02
-6.098474129750e-01 -3.963950290057e-01 -6.862631520541e-01
-1.006600081862e-01 -9.872414106266e-01 1.233773070544e-01
7.565675165269e-01 -6.535905266898e-01 -2.061592485744e-02
3.471495794737e-01 2.220882092693e-01 -9.111333583921e-01
1.281765098801e-01 9.848343371294e-01 -1.169278013382e-01
6.052096585516e-01 4.891145526336e-01 6.280829750900e-01
8.375186280179e-01 -5.453510652054e-01 -3.398180987363e-02
4.175741576733e-01 3.093536105921e-01 -8.543606770311e-01
1.639937411542e-01 9.765881544322e-01 -1.392179208472e-01
5.948550548953e-01 4.875870534366e-01 6.390667641073e-01
8.308659385342e-01 -5.554449336603e-01 -3.380411002656e-02
4.140367240419e-01 3.052503172531e-01 -8.575522345382e-01
1.617305357807e-01 9.771269303647e-01 -1.380803959729e-01
5.958575545257e-01 4.870923763627e-01 6.385098210709e-01
8.314825511223e-01 -5.545365596560e-01 -3.355549409567e-02
4.143155638628e-01 3.057136543443e-01 -8.572524570326e-01
1.619720541862e-01 9.770702357456e-01 -1.381984373382e-01
5.957603242391e-01 4.871484264067e-01 6.385577865096e-01
8.314244986967e-01 -5.546217738079e-01 -3.358557703997e-02
4.142913898628e-01 3.056655092413e-01 -8.572813078248e-01
1.619484102663e-01 9.770759216949e-01 -1.381859459436e-01
5.957683603991e-01 4.871441529499e-01 6.385535490420e-01
8.314288075344e-01 -5.546154480067e-01 -3.358337139403e-02
4.142928824514e-01 3.056679812362e-01 -8.572797051121e-01
1.619495590361e-01 9.770756035011e-01 -1.381868494864e-01
5.957757036317e-01 4.871417620170e-01 6.385485217750e-01
8.314393445181e-01 -5.546000484798e-01 -3.357681660778e-02
4.143006003040e-01 3.056974373906e-01 -8.572654719284e-01
1.619633739519e-01 9.770727001530e-01 -1.381911868168e-01
5.956483604909e-01 4.871813754169e-01 6.386370942025e-01
8.312544885459e-01 -5.548695014158e-01 -3.370180515737e-02
4.142480665710e-01 3.051155812021e-01 -8.574981174614e-01
1.619372518608e-01 9.771147666430e-01 -1.379241069135e-01
5.976011126068e-01 4.877844228341e-01 6.363483849681e-01
8.360354616781e-01 -5.477668110492e-01 -3.156307224565e-02
4.163955317069e-01 3.183913426670e-01 -8.516112458682e-01
1.476210981213e-01 9.773952495187e-01 -1.513490588270e-01
5.344487513936e-01 4.397027683096e-01 7.218213128432e-01
-3.830021965330e-01 -1.653010654797e-01 9.088371004763e-01
-7.146119194398e-01 6.993934366408e-01 1.336508055555e-02
-5.723534653432e-01 -3.971456353957e-01 -7.174167930818e-01
-1.585599242085e-01 -9.766940035701e-01 1.446636575829e-01
-4.378154917880e-01 -2.370113707481e-01 8.672619012078e-01
-7.890038973622e-01 6.141623154337e-01 1.665833870121e-02
-6.262464978431e-01 -4.074505775670e-01 -6.646798859447e-01
-1.597310791673e-01 -9.775335086691e-01 1.375289852255e-01
-4.341116714474e-01 -2.197263968118e-01 8.736517425480e-01
-7.828604910492e-01 6.218756489555e-01 2.000321949925e-02
-6.210775298748e-01 -4.084068786001e-01 -6.689293859570e-01
-1.599330104319e-01 -9.774304129480e-01 1.380261570087e-01
-4.345699538732e-01 -2.214337102138e-01 8.729925928504e-01
-7.834924469547e-01 6.210901389832e-01 1.966277759792e-02
-6.215838699619e-01 -4.083261566859e-01 -6.685082216169e-01
-1.599151999571e-01 -9.774398560361e-01 1.379799139544e-01
-4.345106283551e-01 -2.212904757737e-01 8.730584397269e-01
-7.834326474922e-01 6.211647202213e-01 1.968951994593e-02
-6.215402344405e-01 -4.083279931325e-01 -6.685476699503e-01
-1.599154743317e-01 -9.774391875605e-01 1.379843313219e-01
-4.345158204968e-01 -2.213003365521e-01 8.730533562045e-01
-7.834357784614e-01 6.211608278082e-01 1.968773788715e-02
-6.215407042703e-01 -4.083285032337e-01 -6.685469216009e-01
-1.599223541508e-01 -9.774372586151e-01 1.379900217906e-01
-4.345294923385e-01 -2.213233502380e-01 8.730407177947e-01
-7.834668237480e-01 6.211217873375e-01 1.968403873527e-02
-6.215857739689e-01 -4.083219651873e-01 -6.685090114165e-01
-1.598185108950e-01 -9.774664129505e-01 1.379037893935e-01
-4.343377185843e-01 -2.210098767897e-01 8.732155407323e-01
-7.830890221825e-01 6.215927404136e-01 1.985065244147e-02
-6.209570108907e-01 -4.086917010405e-01 -6.688673142906e-01
-1.615880940673e-01 -9.770240364670e-01 1.389723714323e-01
-4.351204381121e-01 -2.223525682924e-01 8.724846931098e-01
-7.826270447522e-01 6.222769460374e-01 1.631904570669e-02
-6.238774220549e-01 -4.008583914251e-01 -6.708871084425e-01
-9.892227548064e-02 -9.876955724113e-01 1.211273695451e-01
8.121465500671e-01 -5.819467096866e-01 -4.190475270184e-02
4.023257827925e-01 2.592142843496e-01 -8.780329830306e-01
1.708367371271e-01 9.781574749453e-01 -1.184177497524e-01
6.580401144586e-01 5.134885116239e-01 5.507383736345e-01
9.069431654359e-01 -4.180205592660e-01 -5.208557093972e-02
4.877219078142e-01 3.641116600926e-01 -7.934418942951e-01
2.224730986895e-01 9.638638131874e-01 -1.465341939185e-01
6.441598288026e-01 5.188955946574e-01 5.619657256472e-01
8.933865017190e-01 -4.459070565617e-01 -5.502231778872e-02
4.793411702835e-01 3.518914467945e-01 -8.039928184655e-01
2.181516899052e-01 9.653335089107e-01 -1.433215153621e-01
6.457019798361e-01 5.184458985255e-01 5.606093145300e-01
8.948179045499e-01 -4.430599041304e-01 -5.476165673988e-02
4.801926687400e-01 3.530815829343e-01 -8.029622635473e-01
2.184496618028e-01 9.652209156351e-01 -1.436256567568e-01
6.455667201408e-01 5.184446332776e-01 5.607662365660e-01
8.946893821693e-01 -4.433192532373e-01 -5.476266193881e-02
4.801144013642e-01 3.529840221739e-01 -8.030519545413e-01
2.184315495531e-01 9.652287604855e-01 -1.436004808187e-01
6.455764799742e-01 5.184475109536e-01 5.607523400666e-01
8.946979637707e-01 -4.433016391032e-01 -5.476504718270e-02
4.801187661848e-01 3.529860241483e-01 -8.030484649840e-01
2.184276197955e-01 9.652299045164e-01 -1.435987685799e-01
6.455934491068e-01 5.184473320144e-01 5.607329688876e-01
8.947281602062e-01 -4.432420229292e-01 -5.475425502771e-02
4.801525681029e-01 3.530628241249e-01 -8.029944916157e-01
2.184757075686e-01 9.652098765745e-01 -1.436602219318e-01
6.453323824440e-01 5.183975757915e-01 5.610793790389e-01
8.942540037678e-01 -4.441874945783e-01 -5.483836618193e-02
4.797135761058e-01 3.519632410140e-01 -8.037392374861e-01
2.182824479231e-01 9.654133058904e-01 -1.425830345395e-01
6.487179460261e-01 5.205136379143e-01 5.551851756385e-01
9.016206569556e-01 -4.289775739634e-01 -5.530309202346e-02
4.865107574805e-01 3.653216374483e-01 -7.936292484957e-01
2.066842702996e-01 9.655217552672e-01 -1.582698724222e-01
5.801459748525e-01 4.792992681816e-01 6.585612039765e-01
